# Created by Octave 4.0.0, Wed Nov 11 23:42:41 2015 ART <mariavictoriamesaalcorta@Marias-MacBook-Pro.local>
# name: m
# type: scalar struct
# ndims: 2
 1 1
# length: 10
# name: iterError
# type: matrix
# rows: 0
# columns: 0


# name: epocsError
# type: matrix
# rows: 1
# columns: 10
 0.8399282500591095 0.786855287674028 0.5836807397728262 0.3395716769250209 0.3967999736158452 0.3098261457254098 0.2962515710709001 0.3345832324061885 0.3050746770258391 0.2860250083302566


# name: iter
# type: scalar
0


# name: epocs
# type: scalar
10


# name: eta
# type: scalar
0.08


# name: w
# type: cell
# rows: 1
# columns: 3
# name: <cell-element>
# type: matrix
# rows: 9
# columns: 3
 0.05822308793515734 0.5206239898355941 -0.02263776016259558
 0.2252853224953627 0.4228162295061959 0.2902331371474603
 0.4548854008676919 0.2186131429095073 0.3622628395593737
 0.02963385625134856 0.5757880570900553 0.3968096374368377
 0.2140322579268947 -0.06629715075766437 0.3992857226238541
 0.3664325915226908 0.1367014636743293 0.06112614745314685
 0.2640579385113367 0.1446677958519312 -0.09810427714100373
 0.1991103985333892 0.03319608479539327 0.07963019657417188
 0.4164955898541437 0.2010833489718361 0.2262124128875804



# name: <cell-element>
# type: matrix
# rows: 13
# columns: 10
 -0.02464595520136389 0.1189410595194967 -0.007201894087567581 0.009330137818401653 0.2927979112803534 0.2738917153369112 0.04586388410134368 0.4961356434211877 0.1743932125155745 0.2905339832936735
 0.3701048124175313 0.1072834665186054 0.2154425681720308 0.2371811316524109 0.3577393635341686 0.2536229391552327 0.2075039254747235 0.1971742570614295 0.09150150477082926 0.02622866736085015
 0.04520692947552681 0.4359996240712127 0.3263860024701403 0.1838483867467891 0.200284304649351 0.1730421243788494 0.2674096256450895 0.2141973180610144 0.4490523889103661 0.3371894537923235
 0.489015846615548 0.1869341249388436 -0.0195103272097314 0.1901557162162814 0.07351990694593309 0.05040739010801498 0.192891667396774 0.4481714015953013 0.02646769600086545 -0.05140020292767868
 0.1065051296124633 0.4707714163581123 0.4443847027741522 0.3124539374198931 0.1814074381134821 0.3137199740741591 0.4488846064767962 0.1283877853734129 0.2226471569292049 0.3692190659718992
 0.3073258148378463 0.447811132872603 0.1698529922398463 0.07126092876011018 0.3455128315910055 0.2532703736124333 0.2078979818487508 0.3562604618709611 0.1707199713579842 0.3569066238860791
 0.1373157867513682 0.2502537789462239 0.4096686182581315 0.5092339020615948 0.06432296071611701 0.2860232232807483 0.4978339913722354 0.2412280160502213 0.4755168639909105 0.2823693589735997
 0.1246540912093938 -0.02814561809909173 0.3721431977298416 0.002927622927879113 0.2041320646466705 0.2810070042555581 0.1695068563739046 0.2126219447131614 0.321139986379098 0.1414527043145165
 0.3982481769461612 0.4060143495741265 0.1074066635995434 0.2829917535571609 0.004422157588023527 0.2405599177698387 0.3000885485453172 0.3569151295571231 0.4209889453551594 0.09421188040579567
 0.1732035221051249 0.4844688919549507 0.3677089990117933 0.4320760091033002 0.0592226275173747 0.05018752164549286 0.2503770213047629 0.1955574727896786 0.4471110944363411 0.002069428047515867
 0.04094923659908278 0.1954048635748421 0.4535075831243224 0.09688845588808032 0.2348695713416006 0.4303152069449601 0.1181245682158613 0.3008714558365415 0.2709918737756171 0.03307875336277704
 0.09471971389397375 0.3721737469614876 0.09457507881334951 0.2185046451881514 0.1495265657257054 0.1091154338719347 0.05563269187275659 0.4637189811593717 0.09281316873189992 0.1851553975612042
 0.005357613575006055 0.04195363952522183 0.1607310754834125 0.2708936234097281 0.4348164826180694 0.2132993697642411 0.4855128608210656 0.1578583134977096 0.3720873380640357 0.1609695750129933



# name: <cell-element>
# type: matrix
# rows: 1
# columns: 14
 -0.2754516453314918 0.1402865269890525 -0.04876092157666863 0.2016108442503927 0.2043386680587585 -0.05421048374227122 0.2599151481847041 -0.1754123681013463 0.196939135276852 0.3016025912358264 -0.1813444896155989 -0.0945375885806039 -0.2174717925270153 -0.2909119449501916





# name: errorVector
# type: matrix
# rows: 1
# columns: 10
 0.6174958449255248 0.1664866223707186 0.2383109564176819 0.0702591188340647 0.133611567705378 1.390440899840921 0.08924320558642419 0.08508563411275909 0.06662158462324051 0.002694648885853218


# name: test
# type: scalar struct
# ndims: 2
 1 1
# length: 8
# name: meanError
# type: scalar
0.5031160458265288


