# Created by Octave 4.0.0, Fri Nov 06 01:30:40 2015 ART <mariavictoriamesaalcorta@Marias-MacBook-Pro.local>
# name: m
# type: scalar struct
# ndims: 2
 1 1
# length: 10
# name: iterError
# type: matrix
# rows: 1
# columns: 7
 0.6042044804068774 0.6005614113319904 0.5379756877544051 0.5351533711763237 0.5079597236555428 0.5053655451193401 0.5078082960107324


# name: epocsError
# type: matrix
# rows: 0
# columns: 0


# name: iter
# type: scalar
6


# name: epocs
# type: scalar
2


# name: eta
# type: scalar
0.07694374040100001


# name: w
# type: cell
# rows: 1
# columns: 3
# name: <cell-element>
# type: matrix
# rows: 9
# columns: 3
 0.02030681657747897 0.005825497915723813 0.02349049080521029
 0.01856988114281461 0.003621201878509201 0.003003376122433176
 0.007845184619655948 0.02501585213330039 0.005608513360865492
 0.008266867615077922 0.02355295509494033 0.004400203123333684
 0.006488076421497744 0.0001936147628046004 0.001369907324685133
 0.00439148715202456 0.0151284554803145 0.002921775679727342
 0.01060210596762239 0.004532637360614491 0.02854112347322333
 0.02443592322928133 0.002197252317719257 0.005107587541881373
 0.02691792511611501 0.01102165076914329 0.02601854158558552



# name: <cell-element>
# type: matrix
# rows: 13
# columns: 10
 0.01891693308723944 0.01861073032253061 0.002243926649219005 0.005658966950569605 0.02920779286276176 0.02052097902903246 0.02344454879955831 0.02460348296244272 0.02004803954821475 0.006731297502413355
 0.02221777736075873 0.01211375943710354 0.02644004174199325 0.01589973108034773 0.01181691419960768 0.002253685766195515 0.01061919991532492 0.02870467566173833 0.01612739681716305 0.01318275761125492
 0.001625613893343953 0.02472786738153778 0.01948899178285093 0.01536859378987307 0.02526842846397292 0.01040009218452692 0.02895802743035784 0.01543308682879311 0.01131423331708037 -0.001115314632324958
 0.01306326280262985 0.01679519325529043 0.001061957616241375 0.01365412606232482 0.00274690396834323 0.01783837566727639 0.02156116265372704 0.0114232176386112 0.02254920880406352 0.01485146098334899
 0.02542719891499239 0.01258210739231371 0.02916947020873099 0.0286366104976623 0.01105515098975308 0.01624900239891813 0.002738126266729806 0.01015849171945682 0.006310782682717038 0.0223537786827496
 0.01877692040110191 0.001769040796220648 0.02597558732937134 0.0136330108604688 0.01885597855423075 0.001178328380507092 0.01886966153744673 0.00056807305767414 0.01760556716321931 0.02324165896870732
 0.02190005470111078 0.009913208293717567 0.009141515573928704 0.01150514878742703 0.01729314457094374 0.0157398091271711 0.02866925846525492 0.01530660188066454 0.02488085991943907 -0.005125072722935632
 0.01634966972278771 0.01234270275174503 0.01712747361412796 0.02961827780650994 0.01618401462995173 0.0298481788890633 0.0004452616764603148 0.01613992376985389 0.02075212279167363 0.007116641817885985
 0.01367400079814386 0.01566586353362914 0.01356782713220538 0.0004450418242501477 0.02396105694481087 0.003166340992409976 0.02082469469595612 0.01178909887862113 0.02444444634831435 -0.001028781911314785
 0.001135806489540332 0.01877885098259322 0.01312761278403769 0.008053804925804015 0.02302372635985248 0.01373638964220891 0.01153353544619321 0.01689227098961765 0.02793878123999566 0.02733492948194592
 0.00531073499118882 0.00629225846722048 0.01824005059951926 0.00605493840022453 0.007155703922924831 0.02969182547443036 0.0195654031923482 0.02897227573127501 0.003030423316327761 0.01252200288771291
 0.02537969895300595 0.02044397648058576 0.02465809961022923 0.004677578519386132 0.014315863340825 0.002966622769837957 0.009088967746464713 0.02908705714359433 0.004599521672058586 0.0197772377075479
 0.020543080969705 0.004863528859039152 0.006910971616477057 0.02141749337809843 0.01064792408378067 0.01751592426685569 0.01102196579344959 0.01643880685422723 0.02724988520698408 0.01696626939146293



# name: <cell-element>
# type: matrix
# rows: 1
# columns: 14
 0.007683192619763922 -0.003315131194913709 0.006702491987897872 0.01137622137691401 -0.002784974450369186 -0.002309936098890397 0.0213620528032754 0.02144976046061103 0.003611189159288174 0.002832178513510012 0.003815076253195878 -0.0007487226276478257 -0.002600656729336202 -0.2374602319220152





# name: errorVector
# type: matrix
# rows: 1
# columns: 10
 0.3278761447526602 0.002834663219746797 0.3653517389013191 0.3225740351830981 1.260355364596667 0.462231670667935 1.339046778166488 0.6471822008532242 0.2632634865392489 0.06293936831301422


# name: test
# type: scalar struct
# ndims: 2
 1 1
# length: 4
# name: meanError
# type: scalar
0.4622903296491099


