# Created by Octave 4.0.0, Wed Nov 11 23:38:36 2015 ART <mariavictoriamesaalcorta@Marias-MacBook-Pro.local>
# name: m
# type: scalar struct
# ndims: 2
 1 1
# length: 10
# name: iterError
# type: matrix
# rows: 0
# columns: 0


# name: epocsError
# type: matrix
# rows: 1
# columns: 3
 1.241568912889567 0.8598029761051962 0.3938491760567234


# name: iter
# type: scalar
0


# name: epocs
# type: scalar
3


# name: eta
# type: scalar
0.08


# name: w
# type: cell
# rows: 1
# columns: 3
# name: <cell-element>
# type: matrix
# rows: 9
# columns: 3
 0.2958009422069952 0.1910698636275556 0.1061937376375071
 0.3782257105193284 0.2683862418647103 0.2128368079825181
 0.4784284099393916 -0.0811885884906437 0.01979780729890389
 0.2627943939694181 0.2712308562155457 0.1486850071035778
 0.255070892823395 0.3436164505350049 0.155535179881138
 0.1808120222134714 0.2034907940219816 0.1857319664579067
 0.5290500914872981 -0.08436822229146446 0.3444701704581204
 0.3093611045152094 -0.1007231239994317 0.135984177098129
 0.3043792391297344 0.04673440712722531 -0.1132308018142228



# name: <cell-element>
# type: matrix
# rows: 13
# columns: 10
 0.1497029113677146 0.4498480980747684 0.2323653515380092 0.3742853263629767 0.4681375512770203 0.3587782851123391 0.2307293626314949 0.1152265908917412 0.03819098380373131 0.08835132892675893
 0.3639860339444783 0.07545151288837629 0.2564861458761666 0.05866473906002322 0.03889724836906402 0.2478945212398555 0.1807506753221074 0.3473264257750414 0.3034178437176537 0.01555575032959501
 0.2557317538214712 0.1982848093193757 0.4606522044358067 0.04020093446250551 0.1865211536668417 0.05781022584439491 0.3120880410854246 0.2222933024436688 0.3057443817671801 0.07713096048636522
 0.2842586207754493 0.3254152418251307 0.1267855776676663 0.1664286033854462 0.3709341401182185 0.1602364192663879 0.2950750049705063 0.4764535648227337 0.4762754437773099 0.3342855355604016
 0.2494908078985583 0.1091135811155728 0.2301465895222731 0.03652805071763907 -0.00743494433192603 0.1077005681963619 0.4631137650568306 0.3381850581243637 0.4067602236289048 0.1857983676658833
 0.464451578541024 0.2406706406762192 0.3258757103991932 0.2971229095529196 0.1812727684153221 0.0848996147972725 0.4294078419636126 0.3243914053713541 0.1277087053626363 0.2042207318705739
 0.3160747079558141 0.1794524889247094 0.06144140546464384 0.4132607073399635 0.2388672454919605 0.1761798530538585 0.1036033482859123 0.3104429421193485 0.07493542130841654 0.1250619940942598
 0.3256581748426973 0.08759855458896246 0.08025850880007207 0.1645885194903914 0.2153686053587743 0.1435504495834074 0.2959163826082285 0.2809089062209442 0.1358207294144038 0.2823362443516406
 0.1796764311405633 0.05111194223451039 0.4653059988531122 0.1014553743152331 0.3646082998684822 0.3509520673235118 0.3507186265084214 0.138466229362901 0.2401791195852306 0.07050286451069326
 0.4369706373562745 -0.01181482949701958 0.1722355471436443 0.2953424334452453 0.2443664866454751 0.3145992673687244 0.02782501407660022 0.472559159793763 0.2039095150055013 -0.04010317022590585
 0.1100230995892238 0.2358059689847847 0.4238257074422247 0.05146134019401583 0.1144179231112068 0.2380155639827192 0.1137837004703095 0.01236126491819482 0.4556753090241147 0.4505270731171941
 0.3005107882702439 0.2133728498928446 0.4166304080335091 0.09794986476230191 0.3543294068896551 -0.0278085288732427 0.440159995390616 0.2360254183680763 0.04489559244470455 0.282111619069096
 0.4731471886756665 0.3397999325893631 0.04116457791660778 0.41962723746759 0.46519376130621 0.3241955249473971 0.4856801328182671 0.1227002977735504 0.1151085988166888 0.112223299131225



# name: <cell-element>
# type: matrix
# rows: 1
# columns: 14
 -0.1669210978788034 0.2883394247281746 0.2102762263015608 -0.1881361002185636 0.0812222192258005 0.1024279824067177 0.1017047420421757 -0.1395534038348019 0.03248463047123454 0.225980568570428 0.08014631909632373 0.1596003818544998 -0.04159728671487947 -0.241284714767399





# name: errorVector
# type: matrix
# rows: 1
# columns: 10
 0.1828420352998656 1.260806274564077 0.1670520978462771 1.27977916646109 0.0003918567982679183 0.178830831341126 0.1266727710287169 0.08218782613486986 0.3951542145558832 0.2647746865370615


# name: test
# type: scalar struct
# ndims: 2
 1 1
# length: 8
# name: meanError
# type: scalar
0.5467913789146929


