# Created by Octave 4.0.0, Thu Nov 12 00:21:28 2015 ART <mariavictoriamesaalcorta@Marias-MacBook-Pro.local>
# name: x
# type: matrix
# rows: 48
# columns: 3
 0.005 0.003875 0.8017
 0.003875 0.8017 -0.7729
 0.8017 -0.7729 0.807125
 -0.7729 0.807125 0.779875
 0.807125 0.779875 0.850475
 0.779875 0.850475 0.6247
 0.850475 0.6247 0.898
 0.6247 0.898 -0.08845
 0.898 -0.08845 -0.924225
 -0.08845 -0.924225 -0.885925
 -0.924225 -0.885925 0.71175
 -0.885925 0.71175 0.7397
 0.71175 0.7397 0.737125
 0.7397 0.737125 0.804675
 0.737125 0.804675 0.633375
 0.804675 0.633375 0.9438
 0.633375 0.9438 -0.22735
 0.9438 -0.22735 -0.5353
 -0.22735 -0.5353 0.749925
 -0.5353 0.749925 0.79905
 0.749925 0.79905 0.683825
 0.79905 0.683825 0.944275
 0.683825 0.944275 -0.039675
 0.944275 -0.039675 -0.9264
 -0.039675 -0.9264 -0.937025
 -0.9264 -0.937025 0.820475
 -0.937025 0.820475 0.237925
 0.820475 0.237925 -0.1781
 0.237925 -0.1781 0.436525
 -0.1781 0.436525 -0.944025
 0.436525 -0.944025 0.2249
 -0.944025 0.2249 0.4836
 0.2249 0.4836 -0.033075
 0.4836 -0.033075 0.0711
 -0.033075 0.0711 0.5233
 0.0711 0.5233 -0.687275
 0.5233 -0.687275 -0.4054
 -0.687275 -0.4054 -0.12085
 -0.4054 -0.12085 -0.130875
 -0.12085 -0.130875 0.819325
 -0.130875 0.819325 -0.317525
 0.819325 -0.317525 -0.637625
 -0.317525 -0.637625 0.7207
 -0.637625 0.7207 0.913225
 0.7207 0.913225 0.216475
 0.913225 0.216475 -0.5715
 0.216475 -0.5715 -0.8046
 -0.5715 -0.8046 0.88855


