# Created by Octave 4.0.0, Mon Nov 09 05:01:22 2015 ART <mariavictoriamesaalcorta@Marias-MacBook-Pro.local>
# name: x
# type: matrix
# rows: 999
# columns: 2
 0.005 0.003875
 0.003875 0.8017
 0.8017 -0.7729
 -0.7729 0.807125
 0.807125 0.779875
 0.779875 0.850475
 0.850475 0.6247
 0.6247 0.898
 0.898 -0.08845
 -0.08845 -0.924225
 -0.924225 -0.885925
 -0.885925 0.71175
 0.71175 0.7397
 0.7397 0.737125
 0.737125 0.804675
 0.804675 0.633375
 0.633375 0.9438
 0.9438 -0.22735
 -0.22735 -0.5353
 -0.5353 0.749925
 0.749925 0.79905
 0.79905 0.683825
 0.683825 0.944275
 0.944275 -0.039675
 -0.039675 -0.9264
 -0.9264 -0.937025
 -0.937025 0.820475
 0.820475 0.237925
 0.237925 -0.1781
 -0.1781 0.436525
 0.436525 -0.944025
 -0.944025 0.2249
 0.2249 0.4836
 0.4836 -0.033075
 -0.033075 0.0711
 0.0711 0.5233
 0.5233 -0.687275
 -0.687275 -0.4054
 -0.4054 -0.12085
 -0.12085 -0.130875
 -0.130875 0.819325
 0.819325 -0.317525
 -0.317525 -0.637625
 -0.637625 0.7207
 0.7207 0.913225
 0.913225 0.216475
 0.216475 -0.5715
 -0.5715 -0.8046
 -0.8046 0.88855
 0.88855 0.46425
 0.46425 0.408425
 0.408425 0.8932
 0.8932 -0.766675
 -0.766675 0.92825
 0.92825 0.45835
 0.45835 0.24605
 0.24605 0.913425
 0.913425 -0.945375
 -0.945375 0.794
 0.794 0.303975
 0.303975 0.171425
 0.171425 0.949225
 0.949225 -0.814675
 -0.814675 0.930775
 0.930775 0.28205
 0.28205 -0.41605
 -0.41605 -0.575525
 -0.575525 0.947875
 0.947875 0.881825
 0.881825 0.905675
 0.905675 0.74685
 0.74685 0.948025
 0.948025 0.18435
 0.18435 -0.751825
 -0.751825 -0.9495
 -0.9495 0.9271
 0.9271 -0.21035
 -0.21035 -0.63585
 -0.63585 0.4043
 0.4043 0.0181
 0.0181 0.533875
 0.533875 -0.830175
 -0.830175 0.163625
 0.163625 -0.157275
 -0.157275 0.718675
 0.718675 -0.565625
 -0.565625 -0.138175
 -0.138175 -0.619075
 -0.619075 0.2055
 0.2055 -0.709525
 -0.709525 -0.9487
 -0.9487 0.88015
 0.88015 -0.0306
 -0.0306 -0.9477
 -0.9477 -0.949075
 -0.949075 0.8022
 0.8022 0.26075
 0.26075 -0.023
 -0.023 0.802775
 0.802775 -0.706475
 -0.706475 0.6502
 0.6502 0.9115
 0.9115 -0.0429
 -0.0429 -0.94475
 -0.94475 -0.944775
 -0.944775 0.79945
 0.79945 0.286475
 0.286475 0.08515
 0.08515 0.924
 0.924 -0.6723
 -0.6723 0.847525
 0.847525 0.88675
 0.88675 0.70935
 0.70935 0.94085
 0.94085 0.0702
 0.0702 -0.925025
 -0.925025 -0.91595
 -0.91595 0.7802249999999999
 0.7802249999999999 0.454175
 0.454175 0.70575
 0.70575 -0.006
 -0.006 -0.61595
 -0.61595 -0.279125
 -0.279125 -0.323375
 -0.323375 0.877275
 0.877275 0.5832000000000001
 0.5832000000000001 0.7811
 0.7811 0.19655
 0.19655 -0.1856
 -0.1856 0.546575
 0.546575 -0.8898
 -0.8898 0.423725
 0.423725 0.852
 0.852 -0.6214499999999999
 -0.6214499999999999 0.544725
 0.544725 0.47465
 0.47465 0.9102
 0.9102 -0.64215
 -0.64215 0.759425
 0.759425 0.944675
 0.944675 0.24335
 0.24335 -0.585175
 -0.585175 -0.87565
 -0.87565 0.7887999999999999
 0.7887999999999999 0.556125
 0.556125 0.8891250000000001
 0.8891250000000001 -0.30965
 -0.30965 -0.44545
 -0.44545 0.94965
 0.94965 0.941725
 0.941725 0.815225
 0.815225 0.948
 0.948 0.429275
 0.429275 0.06325
 0.06325 0.59555
 0.59555 -0.8588249999999999
 -0.8588249999999999 0.483775
 0.483775 0.895
 0.895 -0.5710499999999999
 -0.5710499999999999 0.5215
 0.5215 0.215325
 0.215325 0.7540249999999999
 0.7540249999999999 -0.869
 -0.869 0.888475
 0.888475 0.238125
 0.238125 -0.421575
 -0.421575 -0.453125
 -0.453125 0.857625
 0.857625 0.847225
 0.847225 0.8200499999999999
 0.8200499999999999 0.8504
 0.8504 0.7313499999999999
 0.7313499999999999 0.94575
 0.94575 0.1348
 0.1348 -0.847575
 -0.847575 -0.927675
 -0.927675 0.9203750000000001
 0.9203750000000001 -0.103375
 -0.103375 -0.881325
 -0.881325 -0.783775
 -0.783775 0.54405
 0.54405 0.8746
 0.8746 -0.300825
 -0.300825 -0.521825
 -0.521825 0.9038
 0.9038 0.94995
 0.94995 0.69155
 0.69155 0.850075
 0.850075 0.339925
 0.339925 0.095775
 0.095775 0.87285
 0.87285 -0.8160500000000001
 -0.8160500000000001 0.9454
 0.9454 0.223375
 0.223375 -0.64515
 -0.64515 -0.92315
 -0.92315 0.814225
 0.814225 0.311175
 0.311175 0.122575
 0.122575 0.934025
 0.934025 -0.74165
 -0.74165 0.93915
 0.93915 0.50465
 0.50465 0.3731
 0.3731 0.9490499999999999
 0.9490499999999999 -0.9163249999999999
 -0.9163249999999999 0.779975
 0.779975 0.453725
 0.453725 0.70525
 0.70525 -0.00575
 -0.00575 -0.61375
 -0.61375 -0.272
 -0.272 -0.340875
 -0.340875 0.908875
 0.908875 0.71835
 0.71835 0.932675
 0.932675 0.135125
 0.135125 -0.82335
 -0.82335 -0.942975
 -0.942975 0.94595
 0.94595 -0.255775
 -0.255775 -0.43555
 -0.43555 0.939575
 0.939575 0.92875
 0.92875 0.82085
 0.82085 0.9408
 0.9408 0.4722
 0.4722 0.250775
 0.250775 0.9033
 0.9033 -0.949275
 -0.949275 0.806775
 0.806775 0.243325
 0.243325 -0.1064
 -0.1064 0.642475
 0.642475 -0.8656
 -0.8656 0.64695
 0.64695 0.896325
 0.896325 0.002375
 0.002375 -0.94115
 -0.94115 -0.9482
 -0.9482 0.81355
 0.81355 0.22235
 0.22235 -0.210275
 -0.210275 0.37965
 0.37965 -0.9288999999999999
 -0.9288999999999999 -0.04645
 -0.04645 -0.545625
 -0.545625 0.137225
 0.137225 -0.937775
 -0.937775 -0.79065
 -0.79065 0.379975
 0.379975 0.489175
 0.489175 0.5072
 0.5072 0.76035
 0.76035 -0.01195
 -0.01195 -0.77145
 -0.77145 -0.742
 -0.742 0.733525
 0.733525 0.932975
 0.932975 0.1908
 0.1908 -0.69915
 -0.69915 -0.938975
 -0.938975 0.879225
 0.879225 0.009925
 0.009925 -0.9238499999999999
 -0.9238499999999999 -0.94975
 -0.94975 0.8482
 0.8482 0.0867
 0.0867 -0.746775
 -0.746775 -0.88275
 -0.88275 0.94965
 0.94965 -0.04405
 -0.04405 -0.917475
 -0.917475 -0.92735
 -0.92735 0.819075
 0.819075 0.2784
 0.2784 -0.020075
 -0.020075 0.771475
 0.771475 -0.786525
 -0.786525 0.772125
 0.772125 0.8234
 0.8234 0.67805
 0.67805 0.94995
 0.94995 -0.08309999999999999
 -0.08309999999999999 -0.867525
 -0.867525 -0.7973749999999999
 -0.7973749999999999 0.6260250000000001
 0.6260250000000001 0.949825
 0.949825 -0.27645
 -0.27645 -0.350675
 -0.350675 0.9146
 0.9146 0.755525
 0.755525 0.947975
 0.947975 0.216825
 0.216825 -0.6701
 -0.6701 -0.93715
 -0.93715 0.8349
 0.8349 0.1841
 0.1841 -0.423125
 -0.423125 -0.269125
 -0.269125 0.355975
 0.355975 -0.94765
 -0.94765 -0.06525
 -0.06525 -0.5458
 -0.5458 0.206775
 0.206775 -0.8597
 -0.8597 -0.808125
 -0.808125 0.67725
 0.67725 0.925175
 0.925175 0.007900000000000001
 0.007900000000000001 -0.9491000000000001
 -0.9491000000000001 -0.94365
 -0.94365 0.788
 0.788 0.331625
 0.331625 0.2953
 0.2953 0.865275
 0.865275 -0.910075
 -0.910075 0.92105
 0.92105 -0.0393
 -0.0393 -0.9421
 -0.9421 -0.945125
 -0.945125 0.805575
 0.805575 0.262825
 0.262825 -0.027925
 -0.027925 0.7882
 0.7882 -0.730425
 -0.730425 0.6757
 0.6757 0.946325
 0.946325 -0.07829999999999999
 -0.07829999999999999 -0.88005
 -0.88005 -0.831225
 -0.831225 0.684625
 0.684625 0.892075
 0.892075 0.160925
 0.160925 -0.670075
 -0.670075 -0.879275
 -0.879275 0.9166
 0.9166 0.09455
 0.09455 -0.865775
 -0.865775 -0.9421
 -0.9421 0.9167
 0.9167 -0.143925
 -0.143925 -0.8195750000000001
 -0.8195750000000001 -0.505425
 -0.505425 -0.2411
 -0.2411 -0.05445
 -0.05445 0.2382
 0.2382 -0.161325
 -0.161325 0.491275
 0.491275 -0.94925
 -0.94925 0.437825
 0.437825 0.93725
 0.93725 -0.7982
 -0.7982 0.94635
 0.94635 0.2853
 0.2853 -0.4576
 -0.4576 -0.70105
 -0.70105 0.8739
 0.8739 0.79075
 0.79075 0.923175
 0.923175 0.43055
 0.43055 0.161725
 0.161725 0.8316750000000001
 0.8316750000000001 -0.944375
 -0.944375 0.920425
 0.920425 -0.166325
 -0.166325 -0.765
 -0.765 -0.237875
 -0.237875 -0.8502999999999999
 -0.8502999999999999 -0.288125
 -0.288125 -0.90115
 -0.90115 -0.2903
 -0.2903 -0.9423
 -0.9423 -0.42725
 -0.42725 -0.82885
 -0.82885 0.484425
 0.484425 0.851575
 0.851575 -0.42905
 -0.42905 -0.151925
 -0.151925 -0.10285
 -0.10285 0.6839
 0.6839 -0.796625
 -0.796625 0.566475
 0.566475 0.91805
 0.91805 -0.3755
 -0.3755 -0.1033
 -0.1033 -0.084275
 -0.084275 0.7581
 0.7581 -0.662775
 -0.662775 0.370175
 0.370175 -0.009299999999999999
 -0.009299999999999999 0.5548
 0.5548 -0.90345
 -0.90345 0.496375
 0.496375 0.943925
 0.943925 -0.674975
 -0.674975 0.882825
 0.882825 0.825
