# Created by Octave 4.0.0, Thu Nov 12 04:13:53 2015 ART <mariavictoriamesaalcorta@Marias-MacBook-Pro.local>
# name: m
# type: scalar struct
# ndims: 2
 1 1
# length: 10
# name: iterError
# type: matrix
# rows: 1
# columns: 48
 0.4508138672146655 0.44357990412458 0.4375248035041624 0.4367448772014929 0.4345232043024047 0.4344799599723615 0.4343829005393288 0.4339712017051942 0.4338110880041002 0.4337999413045525 0.4337836021180052 0.4337000728690397 0.4336959743215015 0.4336850706577494 0.4336837795586148 0.433683518331079 0.4336751890949553 0.4336739066415168 0.4336694232533552 0.4336640519735306 0.4336600489693669 0.4336570754000024 0.4336552508282084 0.4336538211320214 0.4336509201341154 0.4336471548381902 0.4336444018919061 0.433644087110695 0.4336429535559138 0.4336414180436911 0.4336352364121309 0.4336346886721562 0.4336289645164182 0.433627218422915 0.4336264585770125 0.4336208029952495 0.4336207392687247 0.4336203272332145 0.4336176253846913 0.4336174779643358 0.4336145042114299 0.4336138210057425 0.4336052018096909 0.4336003779210864 0.4335939331188605 0.4335888655147132 0.4335857134903472 0.4337040789138161


# name: epocsError
# type: matrix
# rows: 0
# columns: 0


# name: iter
# type: scalar
47


# name: epocs
# type: scalar
1000


# name: eta
# type: scalar
0.005


# name: w
# type: cell
# rows: 1
# columns: 3
# name: <cell-element>
# type: matrix
# rows: 9
# columns: 3
 -0.0131380438723536 0.1567161174299443 -0.08347182808577165
 -0.03377788431012176 0.01515049062776109 -0.2523535763885964
 -0.4853835954782343 0.260611872252243 0.02194575073080637
 -0.4151032737762949 0.397796691156436 -0.1343122017254315
 -0.01251497123563263 -0.2192458658750654 -0.03434537018363329
 0.06971539047493185 0.04083318236241702 -0.3544399028590529
 0.3462407392383954 -0.3103702703712751 0.08231757772334475
 0.09899889217022083 -0.06229764534544677 0.07090184121265988
 0.1590194365181072 0.0008219194551482943 0.06019872578554841



# name: <cell-element>
# type: matrix
# rows: 13
# columns: 10
 0.4073212284820277 0.1064315557423835 0.283805327824209 0.2463476181328108 0.3093315574722561 0.3782800855299827 0.1850386526609642 0.0480253176240575 0.2723107311543593 0.1766701017735558
 -0.007330746875446896 0.1847409072322484 0.3680065267426269 0.02062685577850666 0.04351297861105925 0.1470525344063181 0.2070094181639382 -0.0590682271133167 -0.01875762269740962 0.08866157705944988
 0.1545252108687433 0.3344090899126918 0.1365496715986351 0.1602942320741314 0.2757595149585931 -0.006851997783786468 0.3993692697797607 0.3556896263914789 0.1133321776928366 0.05535746762494651
 0.2313857445005957 0.1281583302386202 0.3163649154021689 0.1023494206335794 0.1641243746297636 0.2350847932440775 0.3101918212113063 0.4013144083987777 0.3253118927186682 0.07492368185534612
 0.06256313217411205 0.3525082061314513 0.1309893445643957 0.09498488900049293 0.31507489535601 0.4175588781774379 0.1652652257083201 0.122277789681924 0.09081614283383098 0.2286246695240826
 0.08747973181341648 0.05986361796354377 0.1154699039424811 0.0333467987273722 0.2922346772936749 0.4541116236341574 0.267512624340095 0.1553036035332486 0.0284403120260597 0.1638750870231971
 0.225760278461222 0.03058318388829048 0.02128099234470833 0.3128447185137737 0.3526554435270711 0.4097995424314927 0.1499593776615935 0.1937869564294905 0.3038424180070402 0.1578669488339612
 0.3056592475257338 0.3960689132498633 0.09947252391245411 0.05275945650156118 0.2547924691970493 0.1163569193985738 0.4675789354557857 0.2093073415972811 0.4033951378892806 0.1039992051549032
 0.0724161652161429 0.3431906160679696 -0.02164281968922346 0.2386062297143205 0.4244013904869123 0.3783951370234308 0.1439449259653397 0.3457738921667897 0.3664455851508842 0.1975737259117705
 0.02020715066056277 0.3610182312147454 0.1066876245387311 0.1786345837643055 0.08765554267447188 0.2744933650664319 0.1207391859160234 0.2177401482364837 0.04794151956410379 0.1728094088941714
 0.2631540911111358 0.2852037251119748 0.3228088793737227 0.2260847574643477 0.1713803332687206 0.2728857167109427 0.005462701748710214 0.3624909484272395 -0.04625653188902954 0.1757279029065103
 0.02846319007821518 0.3228258243635352 0.3948376798186259 0.2310160542155417 0.1059867330906688 0.02571641888541355 -0.02162286805358758 -0.06431277680446912 -0.02608060339222313 0.1376114252606599
 0.1504382987089568 0.1943982351722133 0.2458866187523094 0.5043009768046842 0.2914136810726831 0.2350565915121508 -0.06086715173466511 0.2663499057011797 0.3387146075644488 0.12581652633413



# name: <cell-element>
# type: matrix
# rows: 1
# columns: 14
 0.0420287486719507 0.03575201720312471 -0.03273719580678969 -0.006285471417014887 -0.02940089858002976 -0.05896699782590992 -0.004104930319677026 -0.08171083574805253 -0.04435563867167263 0.008124586823872229 0.08119825782142415 0.1389293045862399 0.1347202914459226 -0.09564827837230105





