# Created by Octave 4.0.0, Thu Nov 12 04:14:24 2015 ART <mariavictoriamesaalcorta@Marias-MacBook-Pro.local>
# name: m
# type: scalar struct
# ndims: 2
 1 1
# length: 10
# name: iterError
# type: matrix
# rows: 1
# columns: 132
 0.670250698807567 0.4295776259472012 0.4282057886940491 0.428081711596564 0.4276659332922745 0.4274750870409764 0.4273976741422417 0.4270853313011927 0.4261885555559192 0.4256529028373093 0.4232891710146703 0.4230917778239285 0.4207168740556573 0.4083257356375879 0.4018794709508631 0.3983431591625617 0.3956831102612871 0.3936096656520823 0.3924444864896841 0.3844218946270626 0.3780726922746519 0.3760480189603884 0.3707663307631897 0.3638590288697895 0.3588244204527575 0.3533557222240893 0.3385449618140441 0.3207646270308759 0.2873914356298061 0.2820768249818161 0.2313408798042622 0.2183718692769955 0.1957467155124915 0.1773819837207687 0.1569576929137926 0.1565008341082872 0.1282144129443155 0.0911663288876613 0.06577583344428663 0.05282025131785948 0.04643255485034185 0.0440577565481964 0.0380789691505917 0.03798871407263845 0.03644190854665199 0.03395279495084917 0.03383179136836502 0.0319551180864493 0.03139909486182332 0.03047504184415159 0.02970135885900989 0.02949549571912346 0.02923145784419437 0.02868768791925506 0.02830152702284481 0.02828600362715933 0.02827272193984746 0.02795042066684266 0.02775949422422902 0.02741593310657085 0.02685409900778202 0.02652487017850852 0.02648557214694996 0.02639757704621351 0.02573568909699981 0.02557217347207782 0.02506990967834918 0.02485998948025436 0.02448546959124729 0.02448259547989288 0.02429118286315042 0.02421389238403216 0.02389475353169694 0.02337436482751737 0.02307766045202402 0.02286135438255442 0.02275982640637571 0.02261652999506397 0.02215943611804203 0.02200779049510641 0.02198549773034488 0.02196924226000009 0.02182371793633108 0.02159070578371495 0.02152696326915561 0.02125257028329976 0.02097142824555758 0.02078369348850239 0.02048556350885548 0.020313858690751 0.01996620293585106 0.01994159030255566 0.0198076368249264 0.01947180717617019 0.01945204442654529 0.01940925208192467 0.01917474538340216 0.01897219825657184 0.01893665605004807 0.01885627594136425 0.01873872235724691 0.01834457216688764 0.01832356068322459 0.01825372885143389 0.01810133807575577 0.01803544871486727 0.01782289266991325 0.0176026252006043 0.01759220413720838 0.01751408905668678 0.01737994994671357 0.01705649914341444 0.01699049801326195 0.01681872777420963 0.01674089093170674 0.016689859648274 0.01667805179733142 0.01667589420053314 0.0163103639053499 0.01622116285990089 0.01609319117935192 0.01607602034889096 0.01588085242086137 0.01584295615856112 0.01581245435765351 0.01558257622761906 0.01555194285741022 0.01537542273669819 0.01528014613634412 0.0151898786320827 0.01506896602612032 0.01565247680139304


# name: epocsError
# type: matrix
# rows: 0
# columns: 0


# name: iter
# type: scalar
131


# name: epocs
# type: scalar
1000


# name: eta
# type: scalar
0.005


# name: w
# type: cell
# rows: 1
# columns: 3
# name: <cell-element>
# type: matrix
# rows: 9
# columns: 3
 -1.026649964190711 1.332795649035882 0.3967717688988821
 -1.08108303015452 -0.01324582318440397 0.6418607059994216
 0.9954259447794515 -0.951820201116407 1.201729029177675
 -0.514113631327205 0.5217346230362292 -0.1427153188177803
 0.990536754646094 -0.780192729034198 0.8484694423366852
 0.2179069929308844 -0.7545936524417494 -0.5451508059054392
 1.662067999129434 -0.9318747669774367 -0.5654232217457711
 0.2268133841958554 -0.5087928088425648 -0.2494616871581955
 -3.065411553617998 3.017480201330073 0.9460808892487825



# name: <cell-element>
# type: matrix
# rows: 13
# columns: 10
 0.1410016665166061 0.1426679480989763 0.1609912504584854 -0.09561681322271395 0.4711005070964619 0.2254821512382325 -0.07106155816024397 0.1809257039621869 -0.2422279209917474 -0.01776250197026379
 -0.2739593420175243 0.7802123237325753 -0.3109178464882086 0.3928723270457166 -0.2144083447261282 0.04065512682723489 0.60530468018285 -0.2222244622658777 0.4748500884319735 0.4433486076565763
 0.2030178202037858 0.2900322846716593 0.5447788190663029 0.1324881742216971 0.2000147095228583 0.5667755438460359 0.1360894395384736 0.3915459354398566 -0.5249188664827283 -0.09049551108888852
 -0.4276536507492893 0.4282448344709371 -0.02026165754400062 0.5063107806950967 -0.3225965227458749 0.02670886917477686 0.4488790168717999 -0.1199138630668168 0.6403943554816796 0.2825362920674578
 -0.5052888293001506 0.9475640898350606 -0.276665724827826 0.3753112347708241 -0.003447262119836514 -0.3314729870740881 0.5894728551200915 -0.08903635350287151 0.6288487577726454 0.4330000559636153
 -0.07022543196996506 0.1834857008185459 0.3268590482620715 0.2235327474827608 0.01394289729791928 0.101167430403501 0.1041016836061864 0.3624302095577797 0.4476365636338365 0.01237549340108826
 -0.1065969299438205 0.04412049308174371 0.1537832516421668 0.3885481110085676 0.1498169628217078 0.2941125761665906 0.1271334702506269 0.2768599023061153 0.4718118691447122 0.0596522588610476
 -1.667274767841289 -0.1301196941379592 0.9920213761728774 -0.7183169050210469 1.128469209073426 0.5693271792631108 0.8340666431768636 0.3116954163022476 2.694969098485437 -0.8263573452357633
 0.510966261795797 0.2701772648392091 0.4893912303933097 -0.2424861893781963 0.3123070653154548 0.4820834933361366 -0.1446208463565614 0.2533086626139352 -0.3406755541946747 -0.2916733805292571
 -0.1447142822996712 0.5081038758028266 -0.07632236951116173 0.4373954609982228 -0.3619762568443489 0.09750639672964007 0.5742372461625731 0.1209773893418905 0.5062192468138672 0.4192000409119042
 0.2076423171497476 -0.08617695638091202 0.6060551705738978 0.1346835671059015 0.4944987164685128 0.385904541675232 -0.1873388279142603 0.305529380103266 0.678176190123613 -0.05714494697384224
 0.8364736189139145 -0.3489536172063111 0.8216249018303983 -0.4215825914963208 0.7186597564763106 0.8007565246396865 -0.6964724775164707 0.2672015440173643 0.6366977413664305 -0.1355612961552546
 0.6230758634346372 0.09952483582326621 0.750929732287706 0.005727924383527142 0.41657105577408 0.5307927973916465 -0.3887939812595898 0.4612412848131138 -0.2024314629572614 0.2124136021992065



# name: <cell-element>
# type: matrix
# rows: 1
# columns: 14
 0.3410654388991903 -0.6337896517737827 0.597538804523249 -0.4792371411081104 -0.7640769706984963 0.04914092640070105 0.0833200067281336 -2.393015377973829 0.4547355113158825 -0.3976273070572131 0.5890927395034496 1.397020868162998 0.8555176482675307 -0.4854709907848371





