# Created by Octave 4.0.0, Thu Nov 12 04:14:19 2015 ART <mariavictoriamesaalcorta@Marias-MacBook-Pro.local>
# name: m
# type: scalar struct
# ndims: 2
 1 1
# length: 10
# name: iterError
# type: matrix
# rows: 1
# columns: 172
 0.4373842269425043 0.4370045860556695 0.4337733142666123 0.4334731647730457 0.4318161088270988 0.4316772223844276 0.4315223893354742 0.431386562162312 0.4309919669751776 0.4309907042854189 0.4309759827977156 0.4309577828471275 0.4309362167016842 0.4309255272724986 0.4309235282905036 0.4308854429832477 0.4308309013372275 0.4308123755043019 0.4308035894631318 0.4307912667254702 0.4307756051009072 0.4307478406088384 0.4307414732747312 0.4306837650018311 0.4306660748186861 0.4306339189815685 0.4306265257667644 0.4305846434781582 0.4305676596285862 0.4305204416581461 0.4305143515312035 0.4305118519778918 0.4304347522826124 0.4304232101849533 0.4303875686300782 0.43028349828928 0.4302755224267734 0.4302676682079911 0.430154115097304 0.4300882611833898 0.429972591008573 0.4298922025710672 0.4298109644936143 0.4296713295179693 0.429627590841182 0.4294648992726363 0.4293343295584884 0.4291081274602394 0.4290334665467021 0.4289549693508497 0.4288874053887011 0.4284248313002993 0.4280579613397353 0.4275474550238098 0.4271006849204781 0.4252432141331521 0.4244795233248372 0.4220017191827981 0.4189048077936547 0.4129537974999977 0.408954707902342 0.3849411476527124 0.355130586771002 0.3325506237616859 0.2843823986791923 0.2532699308726303 0.2278006072300211 0.2082147930532679 0.1958526845479036 0.1819262389661757 0.1586062077570656 0.1400123203829151 0.1303396719313666 0.1145383740479317 0.1142295319911396 0.1141885951863535 0.10216461801248 0.08678580141035193 0.08113960861245689 0.07207215764101203 0.07070490689050642 0.06433649521363739 0.06048327148639855 0.04921396171740344 0.04481558760415682 0.04300380232689614 0.0412776925578324 0.03568184650721608 0.0339497662235034 0.03164862249058478 0.03060671430439955 0.0290940934192482 0.02770090239933696 0.02691425461903844 0.02443862684030449 0.02310070558716817 0.02221797802119663 0.0221382092196284 0.02177881628764342 0.02093470137139589 0.01947248527582232 0.01831710101495473 0.01801685088954846 0.01800834181614624 0.01668687454626367 0.01602994807943453 0.01574274261712353 0.01520395983093956 0.01494461600807489 0.01414626061615063 0.01345772880096302 0.01300031341324427 0.01271020988640648 0.01267989397950451 0.01236322697797291 0.01197013939293337 0.01174137719782101 0.0116465072917244 0.01158250480720517 0.01096399186086176 0.01061323370298981 0.01059145762878528 0.01039778775945622 0.01025352020581369 0.01002944739531931 0.009811163088497353 0.009595594567533141 0.009550891746205267 0.009390896000759277 0.009307488019232408 0.009179312109457912 0.009152215391845644 0.009007846649379704 0.008972868373731036 0.008963622392050999 0.008746702846487113 0.008527258840599886 0.008504267720279717 0.008440942413446804 0.008416567209608761 0.008335945648730048 0.008270903213046649 0.008067451037828475 0.008052586331351339 0.008044408126272672 0.00796803521967388 0.007819751192557827 0.007784201052977179 0.007677129597523927 0.007652953764026382 0.007640272128502388 0.007616634755540231 0.007552217589904626 0.007484028534878152 0.00747062507181938 0.007238325599829456 0.007148982848077023 0.007129535546255904 0.007101228457644355 0.007088900783570012 0.007088880665410768 0.007077990790073849 0.007022685353898438 0.006962494550240634 0.00695848578549723 0.0068533025972864 0.006802656957630843 0.006777648559715247 0.006751599564763684 0.006750555850829327 0.006644920251577611 0.00683139629371997


# name: epocsError
# type: matrix
# rows: 0
# columns: 0


# name: iter
# type: scalar
171


# name: epocs
# type: scalar
1000


# name: eta
# type: scalar
0.00495


# name: w
# type: cell
# rows: 1
# columns: 3
# name: <cell-element>
# type: matrix
# rows: 9
# columns: 3
 -0.4708249666487889 0.2639672379197303 -0.3296635774935043
 2.381464803905973 -2.397248020425145 -1.919997771887877
 -0.2583910795904529 0.4143125061697047 0.02843590714545434
 -0.3585513655101458 0.2584811295526683 -0.06624357219158761
 -1.181493803450715 1.288594164469446 0.4378026093894102
 -0.8888760064968292 1.029699028037147 -1.272143105532385
 -0.336957684432638 0.3369145907811985 0.03378142752923114
 -0.5107278946012461 0.4592646220188474 0.2916514340259211
 -0.3044878562502015 0.3694518280295556 0.3206990074888326



# name: <cell-element>
# type: matrix
# rows: 13
# columns: 10
 0.3983184677246894 -0.4443403236045325 0.04877514201172527 0.09263759926007298 0.688741654658844 0.3477092290223974 0.2570654901041885 0.5465434489791698 0.03289635568935542 0.3764836477155031
 0.2876127940865818 0.5911195270710321 0.3778458677089205 0.04287041177359988 0.3762145191510102 -0.07152612622762716 0.415054293926959 0.3859812008197923 0.03650762279366268 0.3648619191084052
 0.407566938553279 0.7213062849289439 0.1312883154387774 0.3792786481951206 0.4088903195178628 -0.04509628285596435 0.3639728045729348 0.1123724463269163 0.3985761113076763 0.3493070514755332
 0.3398168168967448 0.007988772122653965 0.04582620470612028 0.09848794928223234 0.5245103411646078 0.06185300585957774 -0.03435376172102309 0.1270120621055616 0.01619705162678537 0.2085763231597325
 0.2801689067166137 1.663900532672347 0.2416849095544247 0.2258376630038166 0.279579264241092 0.8086430522418649 0.302693823904658 0.3950570003838245 0.1833515352275518 0.2478433181894722
 0.3257059849537872 1.348412692716922 0.2212205838019601 0.2332269871116639 0.2949025251425613 0.6545801490328177 0.2291085799274782 0.1140350207058921 0.08647030136191597 0.2757829719225946
 0.4689205522081103 0.6182426174382415 0.283960949709977 0.4213806515094131 -0.08965298187770111 0.221411579413883 0.0625513563947033 0.1580144025736409 0.01153393951871718 0.08463661402419474
 0.2488777517815112 0.8824275196203147 0.4808839128317982 0.2624846735098373 0.01752478799484889 0.4312983387985915 0.1996873431854789 0.1447800352209426 0.1559411547513586 0.1392941197018726
 0.02493202502994764 0.1882209641696707 0.3356729393635114 0.4658652237737318 0.09841760979374992 0.08417471822712418 0.1888971568078432 0.09608241394078267 0.1517508553859348 0.1797897710194967
 0.369647727248993 0.7473412789579844 0.3506800614585472 0.05335182265572248 -0.08294258052014651 0.09813831848756381 0.3665354100911144 0.4446215982450187 0.2629980893921712 0.08654178971291451
 0.9396115661597509 -0.1652770083078953 0.5340840549889142 0.6084931392086894 1.386789092849885 1.515806473978706 0.504482929266564 0.6939502711719204 -0.1180926622852657 -0.7489311602872269
 0.1546197721557646 -0.3466953367581773 0.2349745344060236 0.126424457239463 0.8868359681389183 0.4162300148283712 0.05335880390843977 0.6009833325800905 0.1699494372045766 0.3259407100452882
 -0.007883871198060454 0.3709069744716313 0.4416362152319824 0.4764376127473249 0.1915068163648404 0.02881537791419156 0.1898396317550596 0.2064613054646708 0.3826073164078729 0.3267801938799697



# name: <cell-element>
# type: matrix
# rows: 1
# columns: 14
 -0.9653255397514818 -0.8515213034832968 -0.8209277823337029 -0.6141835217174283 -1.406499267279171 -1.097067902141407 -0.8663566688270784 -0.8731421655330334 -0.5410096598655992 -0.9062201641990723 3.720775243086435 -0.9458841957136905 -0.7389601022373046 -0.187820904295539





