# Created by Octave 4.0.0, Thu Nov 12 17:07:17 2015 ART <mariavictoriamesaalcorta@Marias-MacBook-Pro.local>
# name: m
# type: scalar struct
# ndims: 2
 1 1
# length: 10
# name: iterError
# type: matrix
# rows: 1
# columns: 13
 0.4441784562611826 0.4387446314283696 0.4386745774357286 0.4382901251089469 0.4372633970261657 0.4371992414596965 0.4371042884234804 0.4369468334722446 0.4368885016545533 0.4368314545398472 0.4368063571736893 0.4367742343152767 0.4488290923196205


# name: epocsError
# type: matrix
# rows: 0
# columns: 0


# name: iter
# type: scalar
12


# name: epocs
# type: scalar
1000


# name: eta
# type: scalar
0.0166793969387809


# name: w
# type: cell
# rows: 1
# columns: 3
# name: <cell-element>
# type: matrix
# rows: 9
# columns: 3
 0.01795823554702066 0.3211697369636966 0.1128597682429432
 -0.2177352021069715 0.04479235426360371 -0.2387017826124849
 0.1903615968822118 -0.137321051926014 -0.2257171064782241
 -0.4158169518115423 0.1644842926451199 0.09068522040790089
 -0.1731640482279549 0.2697555308518589 -0.08990596011952785
 0.2783873507734509 -0.2225132300769973 -0.09221970032210282
 0.5063108163595144 -0.3491408755649348 -0.1004477478611007
 -0.1968022506981268 -0.01338491984174907 -0.008501221567222441
 -0.05185095228043846 0.1420536695549101 -0.0382592112381399



# name: <cell-element>
# type: matrix
# rows: 13
# columns: 10
 0.0191899569673943 0.05039123725868136 0.09211010085992971 -0.04049062936654142 -0.02190929363345235 0.3400046527529906 0.336172497764342 0.02812569964481431 0.225008496290013 0.1144342307781791
 0.04451250716273104 0.3766113805104045 -0.09053429689593659 0.0721162508601073 0.1561558596546192 0.3556757048061424 0.3679475983113271 0.3165702017597622 0.4126131622703824 0.1587980382633244
 0.06178733763888319 0.4005087210667387 0.4593173469587878 0.2262775721064757 0.2384944003768891 0.2000027054201012 0.3930197005562425 0.3401021236041951 0.04195145236023888 0.2575048319360902
 0.1105509425805421 0.3359289609414619 0.320179650187769 0.3058183675759569 0.3603582338739029 0.1194826560868241 0.04273638276809563 0.05034147125910902 -0.00407630843593762 0.1554177521315637
 -0.008221662643392845 0.2853275186620369 0.5032525148914523 0.1393764154863178 0.4108905400387003 0.1891409126779107 0.3632214736106001 0.05714471420857808 0.1020456841476509 0.2682642227826189
 0.358700961928213 0.1525177003329717 0.314889766971964 0.1386452864581104 0.3269668713172253 0.08376127427199832 0.3683482365463106 0.4411418659825897 0.2923543763612736 0.1472872624571814
 0.0305950780218487 0.3331251234099347 0.4131343647905846 0.1351524203464063 0.02246642402518569 0.3178413198984461 0.3090829994168058 -0.007301239994072188 0.159105755853562 0.2391092366283405
 0.3262421105542369 0.3741773128260346 0.3501146628287464 0.2408774403013152 0.3090302139488152 0.1995699162811578 0.0616430784169078 0.2465893236084054 0.3500192608494759 0.1724238324233126
 0.02656781618214675 0.2062139915846694 0.4729998732797809 0.171818381079956 0.09001373053329773 0.08458552467457058 0.4815740627858017 0.176394136491582 0.01130199121754327 0.2202320783189722
 0.3964561735427482 0.3115492243767602 0.04972717190705358 0.3462431973287869 -0.002061018207274043 0.03820210751504085 0.4056785406297495 0.09978342931644257 0.322486111016979 0.07708258344468899
 0.1345039700552103 0.3148399531698995 0.3120066723625153 0.4630671146203825 0.3367363588516113 0.1301572420392116 0.0432705933509383 0.2210256479732521 0.3898528739145153 0.1495984272614752
 0.07640016896159919 0.02555756055797141 0.2963404659722351 0.332377366382615 0.2289980172343792 0.214538745378597 -0.006027618555576933 0.1516605450104869 -0.03489465983288168 0.07154104356942131
 0.1499464606776804 0.4374486829005064 0.1858128275268582 0.1112741156947641 0.3459722570953355 0.4419392324567097 0.317206031137885 0.4587059715511422 0.2741807848430314 0.2336037324560737



# name: <cell-element>
# type: matrix
# rows: 1
# columns: 14
 -0.1281193007986522 -0.03272918308711345 -0.0523816138257403 0.07735515123519994 -0.05870489028403176 0.02905498546922487 -0.1030413523509689 0.1013338229662695 -0.1080508191416709 0.0472063721675488 0.1364258121463359 0.03989912390044594 -0.015595977192811 -0.08592046349643576





