# Created by Octave 4.0.0, Thu Nov 12 17:06:56 2015 ART <mariavictoriamesaalcorta@Marias-MacBook-Pro.local>
# name: m
# type: scalar struct
# ndims: 2
 1 1
# length: 10
# name: iterError
# type: matrix
# rows: 1
# columns: 115
 0.4371876607424904 0.4365239827447442 0.4339119878640866 0.4321331519465332 0.4315605189509417 0.4313520879563702 0.4258338406665026 0.4228192381046189 0.4192592135516866 0.4191954443779308 0.4081828173086948 0.406151494590468 0.397175262914462 0.3944426778916016 0.3928611792648534 0.3922223926119776 0.3884154734134401 0.3849212330008555 0.3839071644373085 0.3822121313818539 0.3807283029667949 0.3782816021818063 0.3776070130756242 0.3766038447547645 0.3750782645684868 0.3750162966180008 0.3745949301980283 0.3744567188345592 0.3741457325281924 0.373749307355327 0.373504290047769 0.3723203938478962 0.3710686609601069 0.3707460431132785 0.3697964036245242 0.3696405293295293 0.3693970015759198 0.369256166932183 0.3685783027996561 0.3679267275032255 0.3669236748359482 0.3667236610543856 0.3663369570999767 0.3658430824908894 0.3651687746272451 0.3650607971322746 0.3639783938970795 0.3638031118051033 0.3632128582611276 0.3630413393065763 0.3628612329446344 0.3626487175995524 0.3626085337262323 0.3624602599043489 0.3615415979912805 0.3602703317902575 0.3590383763939705 0.3584710145684686 0.3533088887024465 0.3517882550807384 0.3455567346989115 0.3243188321212422 0.3161303970217063 0.2631653789365447 0.2266360433908763 0.2212583813790031 0.1688327614421881 0.137673604720732 0.1134151216225138 0.08895921598914189 0.06724601381822799 0.06114590445265203 0.05164220472377359 0.04553682945997635 0.0433738334728398 0.04223546234695992 0.04075522636274401 0.03917831439910623 0.03887482098227457 0.03847583770109936 0.0357196259833422 0.03326417222877334 0.03264335608751264 0.03249971375171885 0.03160929204776194 0.02969201807716821 0.02942746741879983 0.02774152022320253 0.02732499720522966 0.02722734904196935 0.02632362126462357 0.02325385458393657 0.02289127424008266 0.02066133188825036 0.01981686192639017 0.01923982264417702 0.01798688628325768 0.01771735558582958 0.01642882373623701 0.01599573389460607 0.0157703523429523 0.01574854326042272 0.01511699602816394 0.01442028325868244 0.01371597105318581 0.01320329114807645 0.01283653789683523 0.01263471467950927 0.01247601771924491 0.01222162768556953 0.01195600033222153 0.01157517638691297 0.01147138476939547 0.01080507316683591 0.01181538144470722


# name: epocsError
# type: matrix
# rows: 0
# columns: 0


# name: iter
# type: scalar
114


# name: epocs
# type: scalar
1000


# name: eta
# type: scalar
0.0122143785820725


# name: w
# type: cell
# rows: 1
# columns: 3
# name: <cell-element>
# type: matrix
# rows: 9
# columns: 3
 -1.552202250661696 1.866379547355672 -0.9629751353050566
 0.7188166850322883 -0.06231872377432129 0.2178508765463072
 0.6173569274240278 -0.2178258826468501 0.2948089351491824
 1.250411312378491 -1.202201882041741 1.583283734065901
 -0.1296254359189031 -1.040496059726125 -0.1847388647166208
 -0.05680126330037973 -1.075520894848103 -0.3293631244814377
 -2.483297633708842 3.08200343340599 0.3875228909523171
 -0.9090999976751196 -1.149474331290606 1.11555258587772
 2.735436501724264 -0.9123430969384352 -2.525300470841027



# name: <cell-element>
# type: matrix
# rows: 13
# columns: 10
 0.1113565974834876 0.2118687871959931 0.1530471352531107 0.04705097439959037 -0.0413447988665728 -0.05156299220849851 0.1444212533680706 0.2048658188059426 0.2290572740918208 -0.115117635867872
 0.3163292035936048 -0.3279540581543752 -0.1641210695322945 -0.05977888233495964 0.202900748299224 0.1155060119499236 0.2594956082375394 0.2444869775808166 0.7570422353547688 0.1389419215514525
 0.2085538840391483 0.6344078045934497 0.3619186114942601 0.8345646053500411 0.2860689277866574 0.2501559868866901 0.1234108365692076 0.09611444464614632 -0.1497068815728092 0.2443444883866284
 0.229037170499825 0.3396353925083394 0.6335926740337664 1.151504886541513 0.5057038146682081 0.3904121214332046 0.3182199986157327 0.2457074269701834 0.2571846603436971 0.5627694614779344
 0.2363390375973877 0.2071020443762288 0.4732410248947985 0.8107877943643131 0.1177027397607944 0.1436962077885058 0.1957492560974689 0.4531281472020673 0.2218506867820231 0.1721372679816446
 0.3931975005723721 0.2300205613395917 0.02824468137297292 -0.04926405045559534 -0.0580538459642349 0.3071526615386183 0.2110391945240521 0.2158855726595619 0.550289091496441 -0.1618224956152101
 0.2663629169267419 0.5284123221419795 0.7119456002400398 0.2009239935317878 0.8761571718411587 0.9935705205103479 2.342605458244264 1.112396162007653 1.499723523050673 1.171981072356269
 -0.004223263293976699 0.01441910676808784 -0.09301028158749201 -0.2460750888840827 0.3080348414131868 -0.04715964659076979 0.3926612774842486 0.1430097322665742 0.5159267607075188 0.145692567865546
 0.3438805671140001 -0.03000008173870484 0.1239151998502751 0.2736633744244188 0.03765375105630153 0.1436469174429094 0.3088626875488304 0.08219011391942632 0.5553837860826026 -0.1237106573164022
 0.1646280513805954 0.4071209902868459 0.4249994051634406 1.043403639043238 0.1892535238103905 0.06626122052995144 0.2870400064524672 -0.06388536454978573 0.05544466201593783 0.1339025638710201
 0.3473360822813154 0.2584651803135035 0.3064062516990392 0.2544779030474092 -0.2083437960261964 0.1593747741599982 0.2303110001363819 0.177233597924121 0.3630783327449758 -0.2184162771827383
 0.6122864730726159 0.09257720091239363 -0.03171369464744551 0.3553754497033888 0.3799466822093321 0.09856249458341923 0.3318679949667758 -0.06892823369131811 0.8063774053902233 -0.143937373206579
 -1.629421510480417 0.1805622465181804 0.04677646115625521 0.3281634999600042 0.08872566345565726 -0.02455967945010439 0.7799888264612022 -0.3978094546942799 1.590393038424659 0.7489269514338023



# name: <cell-element>
# type: matrix
# rows: 1
# columns: 14
 0.2061661259262468 0.4485232886801293 0.7907422870217303 0.9789881273812004 0.6687579099979655 0.4816910560603638 -1.85755252770428 0.3187804944790566 0.4513054890431313 0.7477699802441354 0.3925260969082862 0.6542875047534079 -1.771008059694127 0.1450710985944223





