# Created by Octave 4.0.0, Thu Nov 12 17:07:27 2015 ART <mariavictoriamesaalcorta@Marias-MacBook-Pro.local>
# name: m
# type: scalar struct
# ndims: 2
 1 1
# length: 10
# name: iterError
# type: matrix
# rows: 1
# columns: 81
 0.4778491236005734 0.4660416207601495 0.4412583546073026 0.4370839001673643 0.4365359819405219 0.4363458159223221 0.4362702508480073 0.4361326480069572 0.4359663185635061 0.4357737570255935 0.4357151370212234 0.435700637047381 0.4354187352045534 0.4352393028801727 0.4350091055328985 0.4349416386563044 0.4346301915864929 0.4344100305924962 0.433969563224935 0.4335088727205553 0.4323727021892704 0.431530290466333 0.4276360187352869 0.4258897786552309 0.4256115229852964 0.4186191457579811 0.411093777626113 0.4082030715065178 0.4040913357067353 0.3994172216656322 0.3933277408317659 0.3929276497794729 0.3875338468908667 0.387342362041681 0.386839097292234 0.3860108874107829 0.3846360304530386 0.3835471099810103 0.3834705813031811 0.3832376969357444 0.3825001287406735 0.3821780125497636 0.3813488687647844 0.3811081081778221 0.380636346696769 0.3803963133807504 0.3802965656141691 0.3797941367664492 0.379226148900273 0.3790308887112166 0.3786740859782283 0.378414622145281 0.3781944003171578 0.3781493142663218 0.3777771671988088 0.3773561151089347 0.3768377314859671 0.3767281726981135 0.3760832934352628 0.3754606521900334 0.3752104115744891 0.3750815313493988 0.3737818445496075 0.3735570805858494 0.3726439273335664 0.3718815928838099 0.3715656483944977 0.3703378245868189 0.3702150138934708 0.369447700950556 0.3673101064211499 0.3668793613001356 0.3660200341875338 0.3649644635961292 0.3602364281341377 0.3579463062725668 0.3492981434666831 0.3459810296826202 0.3390580998746556 0.3351265629486041 0.3370900451159798


# name: epocsError
# type: matrix
# rows: 0
# columns: 0


# name: iter
# type: scalar
80


# name: epocs
# type: scalar
1000


# name: eta
# type: scalar
0.03303597369071106


# name: w
# type: cell
# rows: 1
# columns: 3
# name: <cell-element>
# type: matrix
# rows: 9
# columns: 3
 -0.1459016792635666 -0.06617848827442524 0.03529560027013498
 4.274626689883824 0.5110253721709241 -1.297745043538418
 -2.313280092261222 -1.486012684581844 0.6378660847494452
 0.3489428101907014 1.810369412786863 -1.06184414781383
 -0.6295663851591212 -0.2255468038397657 -0.1274018213793204
 -0.9758946232824488 -0.1181000059954916 -0.1453123017267054
 -0.4606708421840767 -0.09224684017738337 0.01316132395102119
 0.2966036921739387 -0.6575577115267235 0.2055674645541571
 0.2546627469021716 -0.0544497030839001 0.04443158001898145



# name: <cell-element>
# type: matrix
# rows: 13
# columns: 10
 0.311189045438369 0.5389005330112161 0.4832410898314475 0.341580931610443 0.1677376710985875 0.002988667395501832 0.1792436750584168 0.0522505802601505 0.1040935517059723 0.1959541679622917
 -0.1064425495653643 0.9269237760891922 0.5878326247187647 0.421842766110175 0.2367842313751319 0.2309055328364721 0.03663173586151376 0.05745000133194721 -0.3242069468798798 0.3356030043122784
 -0.04792134314355944 0.5440478456074518 0.5928087865944114 0.7002409337619681 0.2544852329778006 0.09222091573991024 0.102731644305655 0.3830797830273537 0.1822260884511046 0.2586453661054275
 0.1823908291582312 0.3271756472389216 0.2819292145727249 0.23979683274898 0.01391372151225373 0.1827160013695849 0.1112898125513324 0.01545910404915977 0.3773082098473423 0.1663805579552848
 -0.09264472447220337 0.9947452386506298 0.802933201742825 0.5681898429959555 0.2528575578421717 0.3025941520954696 0.05279676965186771 -0.05371071730208391 -0.3376747340601252 0.3846528900916295
 0.1060118466993345 0.3518744511862196 0.3254366309234361 0.3625212348728877 -0.03144326797766226 0.3261802358508555 -0.001603913371412771 0.1855170316661666 0.3777635712811538 0.2125950265621355
 0.350617128985035 0.02178279213225938 0.004825301665910249 0.2273987660732071 0.1443336928858339 -0.2003168190770628 0.4140996595215855 0.09944297425529981 0.2036254783649421 0.09880396336514183
 -0.02960296081374819 -0.01430094069607443 -0.004371155700304111 0.2835671833846061 0.05440817786394248 0.0913408835394445 0.1984890550417824 0.2155834332958239 0.4469350809118273 0.1493323459176571
 0.08372643890793791 0.8868733075709843 0.7600151567820402 0.5652488765071991 0.04714498829736671 0.4313820835667801 0.2022965610521149 -0.0232628562824596 -0.02647061323736343 0.3890772321606974
 0.1321076032620631 0.2764869212680252 0.1878278380072642 0.3544132002032619 0.1861897487107422 0.1102862444306501 0.2116923842983844 0.1842645904417765 0.2775414872927106 0.2112505394322782
 -0.03178177534284705 0.2774079271745546 0.09920786439996652 0.1609782831390241 0.1645227021550769 0.1483065066257298 0.3123343763331983 0.05257555501721792 0.2710244915653467 0.1513269563825442
 0.2653913195433678 0.3027486634605968 0.3292995150752027 0.3124782513971557 -0.2177142515497992 0.1607545025288712 0.1780783220598313 0.3215465822947982 0.1015594311778912 0.119266979802732
 0.2315643765192303 0.2438029060189086 0.3630407228929212 0.5379842947621988 0.3365854643084452 -0.1223718621133222 0.06172714203991879 0.4594659439310661 0.2696270094808157 0.2110015947138492



# name: <cell-element>
# type: matrix
# rows: 1
# columns: 14
 -0.1549692420886291 -0.2833284276235726 -0.2621130513527396 -0.08748272247313808 -0.308603197869258 -0.1297447749747688 -0.01554592666650965 -0.03189726992711497 -0.2709700483360427 -0.101236412850604 -0.05779313975760141 -0.1280256712974586 -0.1549757680794383 -0.04870542049278596





