# Created by Octave 4.0.0, Thu Nov 12 04:45:11 2015 ART <mariavictoriamesaalcorta@Marias-MacBook-Pro.local>
# name: m
# type: scalar struct
# ndims: 2
 1 1
# length: 10
# name: iterError
# type: matrix
# rows: 1
# columns: 100
 0.4437356603778517 0.441788384967703 0.4406751750040865 0.4395338740255692 0.4381812983683586 0.4381351471741084 0.4380459867249715 0.4372194823159535 0.436409462968526 0.4349531035548093 0.4287560653292358 0.3725386667817593 0.3049856982238976 0.2132678777774032 0.1706911217434795 0.09499841800409438 0.05806436326664673 0.04955859258157127 0.043946776339058 0.04162908842057667 0.03379999435567393 0.0325711333579831 0.03051509144941949 0.02967488895794559 0.02903982082588488 0.02867781360525613 0.02857202579128809 0.02834878568659092 0.02785044301686038 0.02762457667250437 0.02730136104252063 0.02646268745200338 0.02557955191360865 0.02514742329587508 0.02472416975984712 0.02392049180308318 0.02332946052456409 0.0230397398005966 0.0224812446274479 0.02161348534721569 0.02069467597351526 0.01941835093419402 0.0179761011981629 0.01795888355153599 0.01575790796059345 0.01514309728391732 0.01447398382007815 0.01383154644924736 0.01334751017478902 0.01321833231922316 0.01302534157256706 0.01254763480616068 0.01174636062316868 0.01041298200352019 0.009464572328391877 0.009162651846104417 0.008382937281482724 0.008203764213844434 0.007835984665276838 0.007649749761137289 0.0076291305591033 0.007436168104230568 0.007220005727888799 0.007190776774092637 0.006887352203391877 0.00683572105864979 0.006759594604098904 0.006653529625584803 0.006592988965512901 0.006458929552764977 0.006430418316733725 0.006309507594681437 0.006270334751385456 0.006106100066130942 0.006088398512670584 0.006088173851423856 0.006038245578779149 0.005909827638661685 0.005893021947272531 0.005870287774214396 0.005786293488067059 0.005676617083961361 0.005609757653291106 0.00555271599018126 0.005534545391242164 0.005519935317319977 0.005477366254010825 0.005474641705476493 0.005435585071780102 0.005417536165687018 0.005406282868780561 0.005398399924070152 0.005321026049772212 0.005268675387856965 0.005247015562184697 0.005226900517444608 0.005164015162809963 0.005118029551048642 0.005116185142057425 0.00675045313067818


# name: epocsError
# type: matrix
# rows: 0
# columns: 0


# name: iter
# type: scalar
99


# name: epocs
# type: scalar
1000


# name: eta
# type: scalar
0.01


# name: w
# type: cell
# rows: 1
# columns: 3
# name: <cell-element>
# type: matrix
# rows: 9
# columns: 3
 -0.4623651004751631 0.3920027765118733 -0.304944674569699
 2.312476003912243 -2.226391544580436 -2.048020978757909
 -0.8438557489777134 0.7303532331132137 1.161475931744442
 1.864101073950554 -1.844604862359472 0.4968200508188434
 -0.9134234249596019 1.246701246366646 -1.275445024455876
 -0.6155408909850069 0.66867860692888 0.8229024414737159
 -1.259544256046244 1.01552789089794 -1.408352337926236
 0.937144038550656 -1.082603989804711 -0.5426896169344404
 -0.2919776691637571 0.2455218190477417 0.07750645016539191



# name: <cell-element>
# type: matrix
# rows: 13
# columns: 10
 0.598904803382791 0.766550300234894 0.8446498750469327 0.8860049150623605 0.7343731773210904 0.5826083889060061 0.6713854497451555 0.306157737010916 0.1519572210028086 -0.05711624550208788
 0.3332739408551691 0.2933301523936173 0.203326874338035 -0.007824097206364889 0.1403100359471122 0.1711337882028968 0.5573532028470674 0.2775781220368856 -0.1101331010759192 0.413191661446319
 0.4867451889655682 -0.1685408459088196 0.2201447498537278 -0.9819290516744223 0.7512180731782173 0.2636598150146354 0.8194624765526231 0.1684029452336557 0.16755844002211 -0.07282795402135959
 0.3175017983039666 0.8089859116729791 0.5842795198715852 0.8231795003177164 0.4475682757068271 0.7067269476663997 0.6231156600845317 -0.1788077130896061 0.1909136431624379 -0.05563352125039583
 0.3292292667348739 0.4602881037845407 0.4726646972402904 0.1332067783087518 0.1767524121863673 0.5139742875156785 0.4554976879980477 0.03947677629500967 0.3270187860388428 0.3416720851240776
 0.2581853904606092 1.935458390117269 -0.4286073857713286 -0.3906425167625173 0.5121392799646499 -0.4131163724282895 0.83677476362394 0.6569824547838521 -0.05666308510355909 0.6126091871065275
 0.1561020664244732 0.3290652425492678 0.6582647815882506 0.1028015495704318 -0.0004351470797329373 0.5861054173443364 0.1102846702371086 -0.3465292278620234 0.1818559881974864 0.2164496888212945
 0.7565556505906119 -0.8944211266121921 0.6807148598462183 -0.6928107402513973 0.7040523946020679 0.3850863557624301 0.8045422662661244 -0.9398954069901294 -0.09500525733006404 0.2482148576429321
 0.313677776513027 0.5545465216836977 0.04441492644904189 0.002902720136467209 0.3299210284029477 0.387647151840011 0.5994689404702287 0.1954476531014536 0.3058595488393291 0.4523496193902491
 -0.07587611424102368 1.236954704755258 0.215093319501976 -0.1472229717039581 0.3581524524453208 -0.1975553290764089 0.5710321530705178 0.5484810236466892 -0.03120924263732282 0.6518200740568626
 0.4617929868783011 0.06654139344264157 0.6405639635306117 0.3807338908874715 0.07209899113086338 0.4262624319533374 0.04151723273391955 -0.1282412164214796 0.1708208898962047 0.229362750960322
 0.0540221464622412 0.1393622218353436 0.2925000474521991 -0.1137594878019088 0.06332617279516982 0.2817391110950159 0.1830996365916132 -0.1118751415430903 0.2024400349748711 0.2221565531145089
 0.5659754781147422 0.1884835218578328 0.3086454239224509 -0.006654761051718049 0.02512278270575885 0.1334865672287502 0.2348656224291453 0.1930369271087853 0.08195301536906469 0.2887578602200856



# name: <cell-element>
# type: matrix
# rows: 1
# columns: 14
 -1.732156529586094 -0.0778641547090826 2.36092149649668 -1.239744574451936 -0.4975413626535228 -1.138792493210846 -0.6857108202716569 -1.785553111593113 -0.1804315045009542 -0.3581312259310045 -0.6352313954835437 -0.279684031839907 -0.1888987048428028 -0.1984155352379262





