# Created by Octave 4.0.0, Thu Nov 12 04:45:32 2015 ART <mariavictoriamesaalcorta@Marias-MacBook-Pro.local>
# name: m
# type: scalar struct
# ndims: 2
 1 1
# length: 10
# name: iterError
# type: matrix
# rows: 1
# columns: 74
 0.5287613577999006 0.4463699902966878 0.4379141790713296 0.4356460540875023 0.4324859282539249 0.4299254830627672 0.4258045742102066 0.421334683436109 0.401043479943865 0.3352225124629005 0.232101117481249 0.2142920209755476 0.1538157346952662 0.08811007180236129 0.07208106513563517 0.05754941954585908 0.0483589800047205 0.03996469231131089 0.0301954821822017 0.02564166016844301 0.02244464318079229 0.0221910926289605 0.02148898864377762 0.01999206275921495 0.01948834727136326 0.01740969366814723 0.01732694259455898 0.01592017808015458 0.01532641299972455 0.01100045713814801 0.00967112168173611 0.008798419200200946 0.008055047854880636 0.007595497184266623 0.006548652585281357 0.006413509643640309 0.006116402036583574 0.005988344862848676 0.00554069678480193 0.005443073838628068 0.005279649393962462 0.005137003111917235 0.004941753833323914 0.004941720013487487 0.004772594740473472 0.004653171675504456 0.004555882357075506 0.004550270396653643 0.004492164880853965 0.004468771896653315 0.004417178147782003 0.004414316279357736 0.004394422105438624 0.00438663539918243 0.004350244593464269 0.004328851275908676 0.004280194195651295 0.00426041077887834 0.004215099783012367 0.004181919229766361 0.004169122208540141 0.00412705686271933 0.004103998636883464 0.004100613545859407 0.004074815796514479 0.004056103314647641 0.004035194347235741 0.004030046395557551 0.003998268824087345 0.003989782669588331 0.003985935213009604 0.003975970446628084 0.003965800253019499 0.003977656995666276


# name: epocsError
# type: matrix
# rows: 0
# columns: 0


# name: iter
# type: scalar
73


# name: epocs
# type: scalar
1000


# name: eta
# type: scalar
0.01


# name: w
# type: cell
# rows: 1
# columns: 3
# name: <cell-element>
# type: matrix
# rows: 9
# columns: 3
 -1.053270336130712 0.5479478347682598 0.5505158741582976
 -0.5573692528753432 0.6908349427013708 0.09369000710490256
 -0.1862677277248708 0.3038986604725427 -0.1197723142066125
 0.5970575879598771 -0.5417238756427993 0.05542153638792251
 -0.848190901993466 1.306637954892311 -1.511489226552714
 -1.417019600604815 0.9091419436526282 -1.502840682220285
 -0.9763449523498463 1.36590934302175 0.6109495203229569
 -1.331745813069721 1.109132293059351 2.005989143796333
 3.136741730485002 -3.110938108478497 2.027048424623217



# name: <cell-element>
# type: matrix
# rows: 13
# columns: 10
 0.3569444888922527 0.08550265341786892 0.4534960637559154 0.3507049246386839 0.002664397580593061 0.1405829233210039 -0.2023610153787528 0.02372991367139284 0.001028540509379504 0.1146610346163382
 0.3588265804672346 0.1953240018208332 0.1191292894786834 -0.05644603728624999 -0.01854679124094686 -0.04625058238314175 0.001693849696089351 0.2766590769215316 0.2825759712730431 -0.04870465368103467
 0.03400433720035587 -0.0697907547077191 0.006983374853286276 0.5519799333938732 -0.1034914508188742 -0.05002691113826935 0.1053275267105684 0.1327755895498414 0.09629027380409901 -0.01465581232941414
 0.2327245964831434 0.06736638990236882 0.3364541629237744 0.00756466658811999 0.1891717541501597 -0.05018032843690253 0.2010864370403029 0.8182695145004287 0.7859032687755602 0.01681234003668871
 1.115718482490815 0.6030915850934842 0.2812320185255949 -0.3439172731223964 -0.07839090969935079 -0.03184970858307361 1.520559109002296 1.649943978722916 0.511035755914852 0.1835829402229215
 0.207541384072072 0.1560013331737869 0.05706041206810236 0.1391182191980398 1.2254926816156 1.107941100280687 -0.01659211606704422 -0.08880623422762907 0.4253057018546914 -0.3145883410401062
 0.9993155485762278 0.7246750875732316 0.203671078259531 -0.5865975953171555 1.391533496559751 1.302943709606288 1.192110775194524 1.400969110992686 1.858694982395589 -1.349969605149561
 0.223351883406081 0.1298198449706901 0.1583107013778962 0.08783025523956163 -0.02241093778478425 0.08201011109780186 0.1513442147027766 0.5444094922077953 0.4999628734996843 -0.02826071080967609
 0.5672963449022956 0.4581811860120051 -0.04175045023368854 0.0912228111502548 -0.2573126956489575 0.1043193871687291 0.283166870294408 0.8543167439477074 0.7054732765888572 0.1593897456156946
 0.1949408434144591 -0.05543569102408158 0.2460176925928061 0.1986916789901023 0.3570713570323122 0.1568743333760398 0.1947931108002042 -0.117521278929695 0.3403547211831544 0.1648163847172347
 0.2985754871939333 0.2151894538351451 0.05239337898393721 0.08259022101067329 -0.2132003427563223 -0.05053103720456307 0.573202802971127 1.128581950586263 0.6682594688252493 0.0634117587038653
 0.6128342049784575 0.2598949415890905 0.05524972509111093 0.001024452237642738 -0.1210552671279971 -0.1755093233261898 0.1477881760007635 0.6245020434285811 0.6041083369981215 -0.03587353870622872
 -0.3582837273666015 -0.2601019272360144 0.09295989389183716 0.4877426788025683 -0.0525425246875324 -0.230052184772652 -0.6787013008246433 -0.7037673773490848 2.195933012215043 -0.5498070367577219



# name: <cell-element>
# type: matrix
# rows: 1
# columns: 14
 -0.02564995689627149 -0.2541055313670262 0.1499209606674843 -0.5376044995143885 2.151132771956044 -1.357305462809698 -1.870721479437043 -0.3298600249785443 -0.6423060467008919 -0.01931884072704191 -0.7398060232188854 -0.5055011845951012 -1.144138724222548 -0.3818404558644295





