# Created by Octave 4.0.0, Thu Nov 12 04:45:39 2015 ART <mariavictoriamesaalcorta@Marias-MacBook-Pro.local>
# name: m
# type: scalar struct
# ndims: 2
 1 1
# length: 10
# name: iterError
# type: matrix
# rows: 1
# columns: 117
 0.4608295380216375 0.4347017984555699 0.4329401336535491 0.4325683722560464 0.4312958129632243 0.4301457364270989 0.4283430672211344 0.4087181225986678 0.3998323157380205 0.3911732750322072 0.3820462467587314 0.3805282827145284 0.3781260147683367 0.3747869738218696 0.373913737749357 0.373089804923267 0.3723312572470304 0.3715322192250012 0.3713721094342798 0.3713020298568269 0.3706298524709868 0.3703166206790506 0.3700525222207633 0.3694705884291581 0.3691002461969979 0.368814420442667 0.3683190321338491 0.368047770066199 0.3676125816084903 0.3675951128653577 0.3672680989310323 0.3667632008231354 0.3666610682350675 0.3663346951625888 0.3660156426402308 0.3658042671255714 0.3655803276096918 0.3652915822469958 0.3651942413457481 0.3646760822338891 0.3646119024731461 0.3644018132431459 0.3637679964729897 0.3634097742316875 0.3631222474466214 0.3630273603159338 0.3626716115650187 0.3621388429046906 0.361772963259572 0.3615967326573727 0.3614031498827889 0.3603785542530293 0.3597670221561071 0.3590234229850525 0.3587388420410054 0.3584091999270445 0.3568484667166111 0.3565857224852384 0.3552680603349946 0.3538911561443931 0.3526472061543723 0.3516324999920249 0.3506551418210324 0.3461020505035163 0.3425689899540837 0.3393521667273907 0.3237987167225879 0.3105518351520055 0.2850405001759779 0.2467686300966386 0.2182057912946082 0.191528034780045 0.1842648439546828 0.1503428475675868 0.1275549502627454 0.1095483378025063 0.09750196959360871 0.09335555862105108 0.08819509914107561 0.08417168761329398 0.07951997446619505 0.07591190318816878 0.07558603305352757 0.0727409358190538 0.07094199144405558 0.06775780583623897 0.06495320467262447 0.0641067193409378 0.05989141402923722 0.05984234452910754 0.05618496883662681 0.05593731973925257 0.05365850996493587 0.05365362844876968 0.05203559971498906 0.0500291661771735 0.04904663263095768 0.04829855523217394 0.04694996929700937 0.04642148404808434 0.04543823530668718 0.04478327829410659 0.04451230188429176 0.04381775175314612 0.04368626973323609 0.04307693503944374 0.04186824501211434 0.04181672957366805 0.04136485103814458 0.04130538102577788 0.04103003400602239 0.03982082440121679 0.03934914608727571 0.03862121557742253 0.03827477375530665 0.03803890308389059 0.0458535617223348


# name: epocsError
# type: matrix
# rows: 0
# columns: 0


# name: iter
# type: scalar
116


# name: epocs
# type: scalar
1000


# name: eta
# type: scalar
0.01


# name: w
# type: cell
# rows: 1
# columns: 3
# name: <cell-element>
# type: matrix
# rows: 9
# columns: 3
 -0.8548334397187762 -1.554319078625386 -0.1369669553192812
 -0.01431929939305963 -0.5389295756476756 0.02798601501321622
 -0.06304818673757209 0.1493347785698916 -0.1567015596840008
 -0.02975347786024388 -0.3837457328499009 -0.04877337269643875
 -2.659711055422532 3.55699323059511 0.7834940743217519
 -2.041507325546207 -1.034935133253591 0.2306543500599398
 3.568277639067582 0.04194926357242679 -0.7119826480741811
 -0.7070902820062078 -0.2792464102680554 -0.00218262999762859
 -0.8028820792818296 1.735672380769976 0.3592477019645348



# name: <cell-element>
# type: matrix
# rows: 13
# columns: 10
 0.7159054654067355 0.2624854410652089 0.01993307995000537 0.3324065533105945 -0.9154706210319247 -0.793449972599358 -0.2577830205462492 0.1180799041724443 1.855922090438855 -0.05368353430926168
 0.2373267275012269 0.2882938895192443 0.4918025344315102 -0.08577097736507946 0.2724682880616478 0.3258220649447566 0.535667678454917 -0.08364023276838355 -0.2813643154800267 0.1742181492606816
 0.4228631728747077 0.1856641209703419 0.3142931648985549 0.392970401824466 -0.001618200305104699 -0.1309812327642396 0.3201721480275786 0.1329825749476524 0.8927214340169783 -0.06195113532189273
 0.07778237252058186 0.01431916257777182 0.002282431879104707 0.02355320320385365 0.2147041793503722 0.480366197423833 0.6930535944386076 0.2087254630184353 -0.07711763798422103 0.1576690517317553
 0.5937652505657687 0.4677361898697765 0.1423106989036575 0.1394224774688442 -0.5259874739616699 -0.4743928617343913 -0.3429823888329429 -0.09014243454083132 1.16267740593747 -0.05769271829818219
 -0.2936144224342059 0.002702666709708319 0.1718616372899385 0.2658659202700717 1.020482443981446 0.09029838980841566 0.9587182214757235 -0.0112103744954758 -0.7633173766458916 0.1306144872553474
 0.3155843408233794 0.1343542960539469 0.167260015675655 0.102624695483097 1.770420098672666 1.344287261713863 0.07483941068710617 0.5041745113033393 0.2573474810783541 0.1853115562640251
 0.3030338382382913 0.3619774161649219 0.02956862985919836 0.03297383478289823 -0.1102327087118331 -0.3160215417867525 -0.01040430285694713 0.1060309725991194 0.8232369141522267 -0.1160853670981248
 -0.5877195246971165 0.1119376151685879 0.3432370246702299 -0.03459726584801345 0.454583926956212 0.6787578755382948 0.7725830398314127 -0.04618504839691483 -0.6680341582491439 0.1139012894042004
 0.3800639431375728 0.1843596941765489 0.2718955836987706 0.01034441098543051 0.2527854088427713 0.1400294480585852 0.359651796108843 0.03031515008490608 0.1124689960153252 0.08837269916076278
 -0.04299109422997508 -0.07671449523606298 0.1469787554664496 0.1106664335679327 0.2530092681777415 0.3741152207226535 0.6853479020599952 0.2199912715865547 -0.2709259774395852 0.249339980407353
 -0.08684317238452904 0.1107747895824452 0.1547357613141055 -0.02293516605459058 0.3020745836784187 0.4204909668685534 0.8043913176983869 0.1785737906309485 -0.2499360320207034 0.3120066417069174
 -0.009037933576628996 0.1107789149492076 -0.02833622744267568 0.2821188344089523 0.1599630922146019 0.117394105370222 0.2732981266229644 -0.001203434269993704 -0.01376397958898085 0.01610935048654954



# name: <cell-element>
# type: matrix
# rows: 1
# columns: 14
 1.558491645180599 -0.3329316817565335 0.584632060415582 -0.2359561213098809 1.014833953285808 -1.033840299136874 -1.750549371620604 0.6407016803701413 -0.8053184467696627 0.005745780722779959 -0.3734926689750947 -0.389762622275969 -0.07905624835856861 0.5003445831524115





