# Created by Octave 4.0.0, Wed Nov 11 03:10:33 2015 ART <mariavictoriamesaalcorta@Marias-MacBook-Pro.local>
# name: m
# type: scalar struct
# ndims: 2
 1 1
# length: 10
# name: iterError
# type: matrix
# rows: 0
# columns: 0


# name: epocsError
# type: matrix
# rows: 1
# columns: 200
 0.5377764902353138 0.4250278911350735 0.4282757682204483 0.4625255354292993 0.4296548720155082 0.4202329480497254 0.4433680434603059 0.4519057905318321 0.4378740173884533 0.4615656020100024 0.4608009573481372 0.4006406173282476 0.4739189804564303 0.4319662271886489 0.4041104828663308 0.3993593929860365 0.3820902600975963 0.3921140892405342 0.3842470638920955 0.4833218615453703 0.3977452029853484 0.3734642628869216 0.4404520628873977 0.3918466356454759 0.3693909716443262 0.3821075903381751 0.3671533314844463 0.4061844964088767 0.3786633979199425 0.3744296541603015 0.3864441996275647 0.371675970856633 0.3831117109057448 0.4174173437669202 0.3651878415956186 0.3739657721800567 0.3804852775511737 0.3880231921286377 0.4126257732828327 0.3673043811267918 0.3509497044041318 0.4598823726122853 0.2904981482551263 0.258628558546933 0.1595487880066095 0.1450935107493457 0.08688441664855889 0.09855164229316916 0.05155673324548019 0.05886702337295859 0.05508550290846349 0.0662377773304539 0.04366999676353987 0.0587040406086479 0.05190540269849074 0.03977030550807931 0.04234334005745431 0.03948202583245867 0.06049098364997624 0.03829290562679768 0.03730378338854877 0.04407520250318714 0.03482102359263469 0.03650782707177892 0.03371217329734664 0.04719801475402059 0.02723412222698107 0.03729354522402932 0.03931798556295045 0.02471728818978364 0.03149037388857939 0.05484814732705814 0.03135264100902387 0.03826320478849281 0.01880640006766716 0.01655377348786486 0.0269020232268504 0.0225319257386753 0.02260888613487262 0.03385874861399869 0.021671527831222 0.0186037752501509 0.01258204840203678 0.01399845522665505 0.01810005823274552 0.01285429396502852 0.03386702950521158 0.01321855449147201 0.01761713954348069 0.02463512392767284 0.01721252102339599 0.02503647671710577 0.01847097325928614 0.01055053784222033 0.0110504820432998 0.01697125896006246 0.01317587017577529 0.01486216346505099 0.01416062210330607 0.009604940672047032 0.01275769830167036 0.02111160337667538 0.01138983980748964 0.01595327182420189 0.007783789624662504 0.008344423651266955 0.01284934148010472 0.007524468965011327 0.01750693522036624 0.01746332905444278 0.008750758237906772 0.01170665278347491 0.006941781524657318 0.008353971747379287 0.009476062380617331 0.01019957691502207 0.006080597583605675 0.01068103259991138 0.01330318660969471 0.02155653963007794 0.009088600272991767 0.009605722921488331 0.007337405830281408 0.007662927442928889 0.006532422635780354 0.008084831696161612 0.006272242212585721 0.01506324878365221 0.01243986778413441 0.02281603832489112 0.01599478107091158 0.008365879598544082 0.01126542035632884 0.01006038111421589 0.0110077553801014 0.007481773586187311 0.007040775470424503 0.007114153072368535 0.00696184496647665 0.009324654297349071 0.006841201847476564 0.01016113724520928 0.006034031737485632 0.008626595613581711 0.01228512164154754 0.007227329926549309 0.0232831287034133 0.005958517312072258 0.008182192243169161 0.009662974810134865 0.006019756450490493 0.005043925013660323 0.01088799378700972 0.006895393844892235 0.007144997913815558 0.005543359282102329 0.007621318610907077 0.007907756375256298 0.005565208493112555 0.008349450152677971 0.009270250299962679 0.005556280728607639 0.004514498354985381 0.004947457956487947 0.006528923665468414 0.005945682236481619 0.005449582260806512 0.01137784141787814 0.006379260007069022 0.004886808940964894 0.007416672463740867 0.00502131873850879 0.008184318745224224 0.007480460870398744 0.005173923755594938 0.004637806282647804 0.009227787574478489 0.007054475066460016 0.007357605901372299 0.003558143850509594 0.004834671710228855 0.007058615178086428 0.01579996689986602 0.007992262125409854 0.01452822322434024 0.004893363067056579 0.004599506877632219 0.004206438013058827 0.005917397924831634 0.00396438807924047 0.004764475577394306 0.006754868467551981 0.00719354130520543 0.004943311765780225 0.00414444137255075 0.007525676866976008 0.005605346602252609 0.003773622878894621 0.003784511324086771 0.005591794960639306


# name: iter
# type: scalar
0


# name: epocs
# type: scalar
200


# name: eta
# type: scalar
0.08


# name: w
# type: cell
# rows: 1
# columns: 3
# name: <cell-element>
# type: matrix
# rows: 9
# columns: 3
 1.176674841065057 -1.273885278876519 -1.664627558916034
 -0.4112214437970818 -1.820754869035746 -0.2700100372463512
 2.684129850019448 -0.9768833953929208 1.586051531929517
 3.245042043533929 -2.86587073610937 -2.639523608126608
 -1.534123070222934 1.441783616403115 -0.4242577756648288
 -2.964576804826989 2.889269004665011 -1.384135069759262
 1.565995849552242 -1.291096193829961 -1.907705013101874
 1.416948263667664 1.540371358170153 1.256966490835818
 1.110486697121859 -1.539144685298548 1.785986364501395



# name: <cell-element>
# type: matrix
# rows: 13
# columns: 10
 0.5927769254584607 0.4284792133866471 0.05680456245117298 -0.1807332442624588 0.2468596056924708 0.8966891062471829 0.7762652412493618 -0.1112718618658101 0.5959153875735947 -0.06899543992765467
 0.1124282440881571 0.3579676478050369 -0.2537767989665426 0.6349181292750604 0.4372557711917617 -0.2253738333690845 -0.4004389161158029 -0.08726453669999867 -0.4383389178226071 0.4054908987347835
 -0.1523389435615776 0.378250863880567 0.1053424528839807 0.2573352833763022 0.3539838432580366 0.02488248280319807 -0.03621802518097118 0.148112625746156 0.0236972056414963 -0.06074631969801485
 -0.3456926898844862 -1.479179129743553 -1.018353038662048 1.455056873736585 0.05787195882549565 -3.259503880376793 -0.07774899263857864 1.162198965595474 -0.4259315040774027 2.008885401178046
 0.08214006965683966 0.2810385657196971 0.08584735874855962 0.06237499491560603 0.3627813528003657 0.2134121862238777 0.3001111285163069 0.1757328700518524 0.5138214837717373 -0.01090613653053709
 0.1106855872214491 0.7248805878032152 0.4967183850479041 -0.2699380617318138 0.06494889519364631 0.7765122675493759 0.2584131218757439 0.07294019195963171 0.1726730116217233 0.02050116408998484
 0.2248999661084538 0.08575477579628842 0.1336549414606641 -0.04053320783225782 -0.004661477449203111 0.4631337704796326 0.2308780016780874 -0.05480986154941782 0.565915867313161 0.09285333359607632
 1.257229407089887 0.5356957235769908 -0.1367840256841476 1.642408478476653 0.1415825377596628 0.6046554936738867 1.593089543859167 -0.08445279526444822 -0.1704548198039949 -0.2176425194255848
 1.291979695356809 0.2554117174179806 1.365282491317627 -1.200496698454839 0.2029456987491655 2.189948266646779 1.334635154440175 0.9248622972418605 1.090412892568505 -0.4516593012527166
 0.8064284397312783 0.8839716278456711 0.2564553465978066 1.677354282117307 -0.365006252162976 0.5609955372043461 0.649840747282154 0.02194123795298626 0.2045152057631215 0.3166811810502545
 1.445426463409706 -0.1028052847723811 0.1362355434831984 1.821208980163233 -1.421309410834376 -1.557797042661693 1.58529849252557 -0.1290361945260338 1.76963571960913 0.2675000842253945
 0.06117510035466035 0.5121499382458552 0.3265424271152156 -0.1251489384357866 0.1293429885251799 0.6202515810090902 0.3516272739285395 0.07276147832963226 0.3825451297929834 0.05953427788689402
 1.083430998911224 0.1993354318411691 0.3237983411819259 -0.3316989228353516 0.04217155042374564 2.001064730266605 1.304081596455851 0.1225810480637714 0.5375438362905161 -0.3497486560124648



# name: <cell-element>
# type: matrix
# rows: 1
# columns: 14
 0.4310522554312036 -0.08967343619386431 0.05827558939135902 -0.5002331065428691 0.1649092703799293 0.251015255918532 0.1852646198845855 -1.368453580896401 0.7265574633300657 -0.8263398907924975 1.544472911321026 0.233770148117027 1.04904508374628 0.3768462988152548





