# Created by Octave 4.0.0, Wed Nov 11 10:41:44 2015 ART <mariavictoriamesaalcorta@Marias-MacBook-Pro.local>
# name: m
# type: scalar struct
# ndims: 2
 1 1
# length: 10
# name: iterError
# type: matrix
# rows: 0
# columns: 0


# name: epocsError
# type: matrix
# rows: 1
# columns: 200
 0.4666102745513775 0.4415417608242578 0.4294730218965958 0.4322297041729657 0.4314261063875439 0.441858278890017 0.4404506088645235 0.4268901352549954 0.4289718532492888 0.4245360478754875 0.4325729740680596 0.4053773017882445 0.3312498211045614 0.2874985539399371 0.1815635507324868 0.05545356376344333 0.06602190630414433 0.0490583341906957 0.06679942106642574 0.04425313504699493 0.04200929400693584 0.05204151898788893 0.04761600776851903 0.04612393020077364 0.03861202258198546 0.03618915295837832 0.0406367201929945 0.04169889768503533 0.0314704940348032 0.04471248741161977 0.03454654629752684 0.03972070072252801 0.03533470971809381 0.0340301343434689 0.03822448566191004 0.03355770588811998 0.0271826811373582 0.02756738138289961 0.02943641944368508 0.03754524327586489 0.03236519593259553 0.02807749244345756 0.0374333151882616 0.02783193574266142 0.02414945430542298 0.03407480056136184 0.02267287022664947 0.03028623649753154 0.0312836307033779 0.02149111739222127 0.04122706979614223 0.04431446578868861 0.02123342751093845 0.02716801924755481 0.01778398203959286 0.01980040840379926 0.01824908127003768 0.009186305240389462 0.01268728637368024 0.01055812344321968 0.01079075622446389 0.02492998892516449 0.0155571661714894 0.0115756891823575 0.009001225719319545 0.01109259949280682 0.01158258831967433 0.008586060087604461 0.01471805323867838 0.01102851839223829 0.007032471977970784 0.007857425991276108 0.006331909925602662 0.009386999443603375 0.006347593187696868 0.007086490112089898 0.006915133767555402 0.009703675962227369 0.00658619251979604 0.006987568388307784 0.007233488841789586 0.007550847187653244 0.01112807618561341 0.004213348562996821 0.005917318972205642 0.008862970159343814 0.005624894905066681 0.004865573068740901 0.007127520071241365 0.006379654120911683 0.01128658955547311 0.004373966039936424 0.005977794480788962 0.005933514855838066 0.009733972069292241 0.006588705053141732 0.007595254814551699 0.005234564040981378 0.00835022530949095 0.005466161860154757 0.004690978155202308 0.003448442274834802 0.00803010278466783 0.00596136403381412 0.004946633065647292 0.004341079443565292 0.00700979330449149 0.005647780772784609 0.006701260229172079 0.005606717997379982 0.003595171827449654 0.004218564817971598 0.003692043052146245 0.008973107407505775 0.009497755241813659 0.007427754828693508 0.003745775977856507 0.009517859216509257 0.004143715910595474 0.007514002321567011 0.005165590431470288 0.008063571481076405 0.003836121977022979 0.005557731142909419 0.002931216721736032 0.006233568334042042 0.004737975989217877 0.002944396292039885 0.005314655787009217 0.006877874155860205 0.005830879746563567 0.009090353650082829 0.003804369880666345 0.003488044363802836 0.006342608933345679 0.003373977373180064 0.003044566482673293 0.003767497705077553 0.00400770063583211 0.003464180561650814 0.005362565271407671 0.006001361034633917 0.002240832880686553 0.008880926315223648 0.004409874112852815 0.003276941850837304 0.003377716979598097 0.004549048381953919 0.004138833087597183 0.003429965872057818 0.003925905591854144 0.002513076569166377 0.006029209991420965 0.004212391854949366 0.005747263134607895 0.003955806641679339 0.003093099461896113 0.002403524884234448 0.004099662731032528 0.002638401860386364 0.001865915690045982 0.004736901914885415 0.003907699638916609 0.004942501914621993 0.004272703839636197 0.004527260287283754 0.003617222297514055 0.0025559632261356 0.005823519475790677 0.003662324910920147 0.001715421562681631 0.006679351900231722 0.001678669335032034 0.004862671239920935 0.004875953281252392 0.002839103974255574 0.003988090709319709 0.003947506467708362 0.001961369691623516 0.00699710858497727 0.004868442556592746 0.001189664034423161 0.00250894945667337 0.003593765810696088 0.001353235409197258 0.001812221171608367 0.002507110793910257 0.001675656724915105 0.001369846531950396 0.003778120478138877 0.001519024676401106 0.001237055986666532 0.005094201076674843 0.001105213648990296 0.002100879701623411 0.004066080085948802 0.002169369910479274 0.0009905966258065516 0.01170877917702208 0.002847305280620742


# name: iter
# type: scalar
0


# name: epocs
# type: scalar
200


# name: eta
# type: scalar
0.08


# name: w
# type: cell
# rows: 1
# columns: 3
# name: <cell-element>
# type: matrix
# rows: 6
# columns: 3
 1.465419448853426 -1.067412429498899 -0.3370552071456122
 -2.99316948648194 2.99943028921692 -0.6556416959764853
 -2.478406122713852 2.488668495778507 3.813674573470259
 2.707655385851398 -2.716110310921687 -2.271072005542613
 -2.424841892568244 2.424287582812375 -2.636109016630142
 0.89671638682929 -1.346257780372045 -0.3050536077779618



# name: <cell-element>
# type: matrix
# rows: 9
# columns: 7
 -0.1340133074491988 -0.2238558125968573 2.137717273189505 -0.1634822054842714 0.07620968711329763 0.09636410815046838 0.1828697680722816
 -0.4768008423507254 0.8080151169070227 -0.413207439539869 -0.2096340213071364 2.007751331562124 -0.4239253585547967 0.0791865061567366
 -0.144462316171072 1.669820465157164 -0.5206097877505783 0.09853989020253529 0.86551126902779 -0.1096499605903871 0.9418069494720427
 0.5444663285085042 0.4142900355641403 0.7608541590325151 0.3042270444635446 0.803577827736437 0.5362355073599955 0.467451866790108
 0.5270375618905232 0.5150231378728426 0.6650341347623357 0.3782605097715722 0.5341563304453819 0.549876570470259 0.40596295123086
 0.7517838479597073 0.1136081682289535 1.990051471617208 2.214615601468304 2.214214305089426 0.6940478783908102 -0.2186264527104705
 -0.02347119140502602 1.823944440125744 -0.7927483750785616 2.523833419952655 1.895913944186471 0.3323153408753073 1.799242379565822
 0.1515954680657033 0.1009441237325988 -0.1474445879017968 -0.108092690044991 0.1974755400913041 0.1001632097872247 0.2590653615700764
 0.1630664281464758 -1.449243382615603 -0.4609224518991369 1.958802822426611 -0.3652375804773983 0.1137314405519364 0.7654973450013428



# name: <cell-element>
# type: matrix
# rows: 1
# columns: 10
 -0.9026561200827018 1.523205865235949 0.8827420361906031 0.2460651133235502 0.2526445373729567 -1.068345760806956 -1.464709085244446 0.004105479474584168 1.993580722413688 0.6715895105889675





