# Created by Octave 4.0.0, Wed Nov 11 03:38:40 2015 ART <mariavictoriamesaalcorta@Marias-MacBook-Pro.local>
# name: m
# type: scalar struct
# ndims: 2
 1 1
# length: 10
# name: iterError
# type: matrix
# rows: 0
# columns: 0


# name: epocsError
# type: matrix
# rows: 1
# columns: 200
 0.4330309654854599 0.4931978754888043 0.4840144175517618 0.4156837651685318 0.4276655646545737 0.3920803990198135 0.3916176693932663 0.3785147803687644 0.4778518020852917 0.4033750077029667 0.3952434111183987 0.3677113707281418 0.4955727338123909 0.3730624271011109 0.3701304568203286 0.4024001935261687 0.4178219764137341 0.4056445290583903 0.3899083151777601 0.3766586824313427 0.3941156707381068 0.4325670771213609 0.4180849290116163 0.3884648085475204 0.3697730013421947 0.38802687367119 0.3980467106798676 0.3564236440589278 0.3497622060849861 0.3606141470521066 0.2550311772805338 0.2320965344206537 0.09928336674000895 0.1197404891485134 0.08505361908219906 0.06771272734571501 0.09916585935010168 0.06470830273568473 0.07492908842607739 0.0693736609178264 0.0600888099508799 0.04358898915070513 0.04863300275953763 0.03763596742943098 0.03284360351219928 0.04872201253191828 0.04666236222652751 0.0339209671508739 0.03543369843542013 0.03307808836263108 0.03255790996268711 0.02739865724149923 0.03176310251517358 0.0489205816529882 0.02844788794785838 0.02923330008662387 0.0256440642674353 0.02370649639782462 0.03845381875447797 0.02517643856467935 0.02604764160836578 0.02439614864865461 0.02583065436988906 0.01896935037062018 0.01803814858439761 0.02860242408306146 0.02336134983030322 0.0181395791560422 0.01796556658828484 0.02105251372001721 0.02087735030504705 0.02618888340876491 0.01432000865409782 0.01544462853063747 0.01507418947331989 0.01598877789694167 0.01151188942048142 0.01308926815421489 0.01233432525233716 0.0100510050759085 0.0088550796994223 0.01170937651713891 0.01190998802304876 0.009115005258919858 0.009552673879323513 0.00937642536099156 0.010981700677625 0.008671393677319224 0.01339103078864484 0.007876989638656608 0.009717369663114839 0.01224743842565526 0.008558545382661084 0.007909007588079388 0.009102684081642835 0.008176665539765447 0.008560874726820138 0.007532392525001176 0.01123422209539345 0.01158948817424454 0.009611001416494812 0.008000581579520057 0.00704252914056608 0.006899748576987987 0.009841046134346552 0.007525564890092043 0.01051858302746964 0.01042434510901641 0.008083109502484658 0.0108612889485427 0.01607462268494318 0.01153966035867497 0.01476369406896803 0.008546980840078031 0.007551945110135276 0.009587330492421935 0.006773917499055812 0.006199803602149432 0.01032702266182365 0.009311997684957652 0.006533271355111433 0.009719695047507197 0.01086745395684233 0.006502312460069586 0.006892120182124899 0.01061189930073156 0.008603929417631485 0.008243033072709925 0.006924397928946073 0.009074195383448148 0.007283390693218391 0.006011872364246563 0.00630170133731441 0.006342015110491081 0.00815694387499555 0.00536255549560428 0.008745576031192184 0.008829484182814784 0.006634768928310499 0.006181279450510267 0.008266869868366609 0.007920551499185633 0.0091786957604163 0.007040294226488395 0.008691802144895363 0.007754665736866849 0.01260332745459237 0.009817441376024836 0.007986851848456713 0.006767000644546791 0.005824865154909003 0.006788152941717063 0.006691388862585181 0.006252015062720235 0.006066787344309214 0.005939777065689541 0.006036799435256045 0.007387565517450611 0.006273084980539549 0.009516933657916239 0.006559181853417855 0.007249886460152693 0.007033624114788754 0.005961476540378629 0.009084612910154055 0.007191339068586693 0.007679420750083528 0.004921846363437442 0.0062691302467129 0.008865773541103543 0.009445842447787388 0.006957172475993436 0.006527445828845516 0.005681257872295715 0.007192925709254295 0.005028392131644826 0.006900990624161852 0.005871104356856143 0.005053506549390629 0.008162942545567207 0.004545528016935582 0.006859153132552997 0.007098450930528692 0.004764757314835978 0.005400493543912783 0.005996883061634912 0.005776987928602528 0.004423348213303224 0.005513486762288589 0.005538988436652155 0.005328147651673869 0.006129309526466153 0.007200270103250874 0.005524493257628714 0.01229126764641672 0.005659627699899915 0.004671605801794646 0.004964711687789019 0.00473835177870389 0.005922152527027631


# name: iter
# type: scalar
0


# name: epocs
# type: scalar
200


# name: eta
# type: scalar
0.08


# name: w
# type: cell
# rows: 1
# columns: 3
# name: <cell-element>
# type: matrix
# rows: 10
# columns: 3
 2.169693776310587 -0.8665864993933321 -1.056184760722304
 2.767877416471239 -2.415273897201613 1.554911677899246
 1.595182899599365 -2.065017506073834 -2.981111342677556
 0.4493167045802729 -0.5392217680843145 -0.3248962928160707
 -0.9180620925864468 0.4220025168788115 0.7217779236963714
 -1.100278359639884 2.225784859062996 0.9359349538060511
 3.002609484715034 -2.733568544284734 -0.6675104466182695
 -0.9802175080337993 -0.3075604063668511 0.3707393857047449
 1.621016619136922 2.537389344761787 -2.537976305654937
 -2.332339025647951 2.644447468480348 -3.026429659833692



# name: <cell-element>
# type: matrix
# rows: 6
# columns: 11
 -0.1045501751057145 0.6766673517139572 -0.683564083781883 -0.005582369572047012 0.5551761786365669 -0.6884606274891029 0.2930979210195765 0.4661756444815817 -0.1521964573942744 0.6932268774717811 -0.008054493872369473
 -1.255248403720716 -1.641285966383173 1.493018994929353 0.5051553771701598 0.00973925554880199 1.497094386112786 1.804040650786087 -0.2280418341502209 -0.9604232526345485 -1.620797200823784 -0.4668890716551007
 0.759644954629941 1.666465782859631 2.202334160397082 0.905012736299998 -0.4302645326894985 -0.4079625057673559 -0.990385944449178 0.1785948029992235 0.8944166016643041 -0.6646141154094973 0.2316292852950922
 -0.2357525031274337 1.200287302953095 -1.457710985612534 -0.1100595093149686 0.9412015506031365 -0.5741371316039623 0.2260438562301162 0.3458363943141666 0.1621805675722156 0.9895860541150872 -0.09851765100161411
 0.2474932975048055 1.163172752901677 0.3552061467706114 0.5149210403168535 -0.2344157177135234 -1.362362205894561 0.5977049428631127 0.3702535720330273 0.7057855999822332 1.040729626210708 1.648451514582498
 0.04650446384142709 1.817758235495144 0.2457741740053949 0.3623521842578757 0.2248156122316818 -1.323394275558573 -0.6313493881012162 0.3823211888984852 -1.500723110204342 1.401326424396954 1.406420821551774



# name: <cell-element>
# type: matrix
# rows: 1
# columns: 7
 -0.4253706541219848 0.7977558933895682 -1.463086216653689 -0.7824118801340662 1.203626129405897 -0.6092547676867277 0.3477924286530835





