# Created by Octave 4.0.0, Wed Nov 11 03:22:22 2015 ART <mariavictoriamesaalcorta@Marias-MacBook-Pro.local>
# name: m
# type: scalar struct
# ndims: 2
 1 1
# length: 10
# name: iterError
# type: matrix
# rows: 0
# columns: 0


# name: epocsError
# type: matrix
# rows: 1
# columns: 200
 0.4452585506985752 0.4669713669295797 0.4720658229202455 0.4422275704681731 0.4973457271776128 0.4413015792750048 0.4662341574229663 0.4492347664957709 0.4516818480178101 0.4481942366422126 0.4347344534870842 0.4804525574197623 0.4503770451563199 0.4222241096251928 0.432350671928147 0.4287165910265101 0.4489975327703689 0.4436591315989881 0.3950548914695902 0.3923541015744536 0.4420484530280606 0.3922557179916879 0.4147852675936042 0.4213202735107145 0.4828154484709263 0.1988436132469454 0.162322197412393 0.1560994187977625 0.07372646416815874 0.04988646946361906 0.04747087108105118 0.0464133555673291 0.06707681992574803 0.05096553973599006 0.03956735526112963 0.04424132934300201 0.03980919433108277 0.03106998453451524 0.03768231752374861 0.04016270746066306 0.03337450764449091 0.04571719485705851 0.03588896589680761 0.03867037909755739 0.03047928682752283 0.0335852697326729 0.05338407868367493 0.02925038338972443 0.07314218939265736 0.03881086051168125 0.02802991003651828 0.03124023336775926 0.04289585493363972 0.02805778282730431 0.03187822820050783 0.05425192046922425 0.05280444871346941 0.02548423715772782 0.026808730377793 0.03973817441537323 0.02956880163206267 0.03047784286640688 0.0279639211659011 0.02588387006876638 0.02618969954075393 0.04928510397167091 0.0263831350284015 0.0273458134607165 0.02228602801372027 0.02172974763890664 0.02503554895168397 0.02524434259319237 0.02882614937501323 0.02301192398281773 0.02452938193810601 0.01915512325462672 0.01406710830455169 0.02140834745704856 0.0219541608846306 0.01458713233154546 0.01580698548563404 0.01151116111915925 0.01408038672097137 0.01533160936210832 0.01353319144856598 0.01383019009962198 0.01391446070221759 0.01657177557946834 0.021488583524346 0.01478150166420459 0.01029518822654887 0.012783678729267 0.009317650775389884 0.0102526825376476 0.01180600749680009 0.009198477135907809 0.01038904810275 0.007278959857381789 0.02258520378945396 0.01443222557245968 0.0157027841865797 0.0119799311014688 0.007839662877180475 0.008541573901096148 0.008046603309963696 0.008212343538984559 0.01361561381614048 0.009008789297461387 0.009892739680523354 0.007532058862514534 0.007273208171230045 0.01295518984982988 0.007480090079964404 0.007326916150803655 0.008958084820807614 0.008630153720551564 0.01034606676802932 0.009649308766938638 0.007512943760517187 0.00612199884363348 0.007442048259039067 0.005468327068681248 0.007214039706439614 0.006574400203656721 0.00565908397033456 0.006887311532274095 0.01175776491294208 0.01407267777578704 0.009223842758990604 0.006832443284353521 0.00822192353445456 0.007314344816667109 0.006715173580521487 0.005766851139285691 0.006278301613977261 0.007135897270178784 0.009072265450541491 0.008393909604392494 0.01213756324003206 0.006303735532831398 0.01154808875957766 0.005828663292331959 0.006356023677321898 0.005362136503941108 0.007666088931575337 0.006439145093357689 0.006615055652400744 0.007561152381716957 0.02038663372801342 0.00642137545845315 0.006159752792366569 0.005574560485808234 0.005155180264287834 0.009522902085235232 0.00457942115736762 0.007006200021785594 0.006168035593936142 0.004318313859992783 0.00760229569752095 0.004958196076512176 0.005483658397458468 0.004867694457785546 0.01034186001938819 0.007741741100047873 0.004201520961574292 0.008823654283216749 0.007410591402957738 0.004335815150580818 0.004389005837904521 0.006063900798777974 0.006808173640294055 0.005601508326152781 0.004296167836895685 0.006128681810902402 0.004737020678307668 0.004324970979807661 0.01045085121970262 0.004538035011535105 0.005358876340998341 0.008213990850859065 0.004369153476339763 0.008678989768341449 0.008936280878107068 0.004256281784646479 0.003913553475043902 0.004880156755874506 0.006339992125323428 0.004550653127201694 0.005172641416439532 0.004351087837823783 0.005270262202362415 0.006751797460476635 0.003568161778825432 0.004117362657613965 0.004786885761690222 0.003975005249470772 0.004381448697246174 0.003841560051760022 0.003453045314682564 0.004331613460457674


# name: iter
# type: scalar
0


# name: epocs
# type: scalar
200


# name: eta
# type: scalar
0.08


# name: w
# type: cell
# rows: 1
# columns: 3
# name: <cell-element>
# type: matrix
# rows: 10
# columns: 3
 -0.1581238306355495 1.090266752858477 0.09032140720104766
 -3.560205444709184 1.701838806391975 -1.885232395014994
 -3.099889836860207 2.661809545169584 0.5783865459698746
 3.074876379703228 -2.894950408930718 -2.812960539640034
 3.394349338842124 -3.220908527056086 1.820056083180549
 -2.15252891641112 1.937648196659059 -2.395999292735798
 -0.6401255737671118 0.821233511721876 -0.5868635031265774
 -1.201659383838853 0.6069045327765851 1.268839929805025
 3.035835219131405 1.732833061072114 -0.6215027552130196
 0.8545090377261059 3.285062680921509 1.482744428449648



# name: <cell-element>
# type: matrix
# rows: 6
# columns: 11
 0.9200870542382771 -0.6901226769424275 0.9729914656080819 -1.581368526531705 2.077710267457258 2.003879067860864 0.8185517738832333 0.5799924970465565 -0.4134475020898561 1.053010141134226 -2.317578324433204
 0.01438647087898597 -0.1094251739680984 0.5397769034053267 0.07601610705255749 0.8725311798559474 0.2419015325748778 0.1689776057147158 0.3097238498070309 0.006679439688118706 -0.2523120527806912 0.1633777507831178
 0.4088091076976504 0.3175950118220155 1.029074708105082 1.368247676314874 1.978687815993208 -0.6061095561877466 0.1581628262861201 1.166777005213879 -1.798886883199436 2.389348896198555 -0.1017592393836569
 -0.3294696197396226 1.049699816955103 1.51405804155013 1.671297511349462 1.195954827581642 -0.9499552277958685 -0.1656047869609272 -0.4155174314285139 -0.4808650685550021 -1.08888687218536 -0.1495389905970269
 0.4488240014187684 1.603377429727179 1.089837421338215 1.996173863799717 3.500198102460011 1.916622993219074 0.4338972741266966 -0.09409060597334634 0.2246343614698563 0.2906035104389689 1.170317319136386
 0.04971663965818163 0.09295813889085199 0.2455137415208349 -0.1343518198375574 0.6731133780985027 -0.007582212783167393 0.2071029538878445 0.300737231586157 0.390019546959888 -0.00888263050594312 -0.05435336835020491



# name: <cell-element>
# type: matrix
# rows: 1
# columns: 7
 -0.7820500593240078 -0.3446964360324916 -1.031459536420581 -0.7624121059331993 -1.053183686394185 -0.1629262511628562 0.203569183222947





