# Created by Octave 4.0.0, Wed Nov 11 02:54:29 2015 ART <mariavictoriamesaalcorta@Marias-MacBook-Pro.local>
# name: m
# type: scalar struct
# ndims: 2
 1 1
# length: 10
# name: iterError
# type: matrix
# rows: 0
# columns: 0


# name: epocsError
# type: matrix
# rows: 1
# columns: 200
 0.4851872590117828 0.4743953157812406 0.5276918793308294 0.4775458113309577 0.4315373665984976 0.4774054173812333 0.4612622871158263 0.4492905423264845 0.4246106310551928 0.4224106669735743 0.4080928488802979 0.4294968246238777 0.4135397987713012 0.3912989496777493 0.4197343769564765 0.3892430154338445 0.4033247774953168 0.3855799310705793 0.3807388609080262 0.3922599503080213 0.3874489101955149 0.3723530889696306 0.3566367365483078 0.3217925073345886 0.2785858095536451 0.2490909974558406 0.1200861724891079 0.05090732165836885 0.0528809762233545 0.05960146113805441 0.04408412565900746 0.05535897577049635 0.04053906085552714 0.03588421911531748 0.02833989455154504 0.02730020866937225 0.02957764348784755 0.0297772712937451 0.03176418609805563 0.03120957844700229 0.02798850413691485 0.02541728453214599 0.02709517371524991 0.03641222743664214 0.02550093842209482 0.05654154763698738 0.020069595036817 0.0201940904921285 0.0224869203399933 0.0191145559573007 0.02131749295759305 0.02219869291662095 0.01560695880872695 0.01208046400896745 0.0371050583911058 0.01299856932185528 0.008521311026115103 0.02440298729119035 0.01129342627917957 0.01258800125482012 0.007219945075318532 0.01414174399275682 0.01072872518395766 0.006750619773133029 0.01706540574732086 0.02347749350696105 0.008047668576639411 0.00885178219226835 0.01068126356659467 0.01175403609627967 0.008851837950636219 0.01070331350860016 0.01092437908214517 0.007152843439212281 0.00954029553315538 0.008238621512136699 0.007076366497527271 0.007278377994413645 0.009468552618062263 0.008453373547342638 0.00617154206994763 0.01161597305159607 0.005618288467373281 0.005868833041996916 0.01704547444738522 0.00611037533432445 0.00741214107964548 0.009275242469688914 0.005993479523517476 0.005008507651781064 0.006413040461948433 0.008449402396500433 0.006010855621012553 0.00656289827269008 0.005581962143221214 0.005441142091147302 0.006659221440588347 0.005316301750424603 0.02426564602653608 0.004816213236619017 0.007509486249990113 0.005377221197846645 0.005413453069387964 0.005387347291458066 0.005360599281844495 0.00669282562620004 0.005789669500152695 0.005090541347031283 0.004845388630943645 0.006002929197237178 0.009007122407302108 0.008897821929187604 0.005547003055589309 0.005215619301380977 0.004890145700446547 0.005490936200584416 0.006225885159510612 0.005302439577627815 0.009514707301457712 0.004365224655074228 0.005238571255856971 0.008010590563186233 0.004844649961869107 0.005141651315732907 0.007819272610754539 0.006662316192133061 0.007135536157003229 0.006380787958511448 0.004580822628811234 0.007130726892382208 0.00396125918906972 0.003767157220598299 0.004313368366351075 0.004062748479348247 0.00386171592208833 0.003786252725920352 0.004944715390474043 0.009276088534797713 0.007486139581417534 0.003599710378765378 0.003531709974905776 0.003327024618147894 0.004277841830130011 0.003082988338157224 0.00356785873170724 0.005796136507585938 0.00482998713648822 0.003002304047573347 0.009370999707420405 0.00355794962352336 0.004119574165955274 0.00479036985711264 0.003660915906741023 0.003263899059316699 0.004807893212258801 0.003308505638226484 0.004332135079654738 0.004874638675327365 0.002710655278998081 0.003660953271391446 0.006304617003865445 0.003760081838020524 0.004936400887214834 0.003670859940102101 0.002604554161918877 0.002512947531896939 0.003996677287218345 0.003159715782776339 0.002472822980985212 0.002348358069877394 0.002481106514766619 0.002178308003179712 0.003028049200761237 0.003206758852816652 0.002676201718001319 0.002618705478390616 0.002745491345547323 0.002790539714833462 0.00229429800042514 0.002323810116123661 0.002670942381423832 0.002096006430824235 0.001858178435606386 0.002756822121746431 0.002783187933267257 0.002209845125268906 0.001959699949715429 0.003292517007438906 0.001880871250957165 0.0020940512412285 0.001986361871378705 0.003456815823494363 0.001799631727839316 0.002753393845980461 0.001834132147454903 0.00143375484263361 0.001746756695663966 0.001507124655521349 0.00147107602522886 0.00217495219267539


# name: iter
# type: scalar
0


# name: epocs
# type: scalar
200


# name: eta
# type: scalar
0.08


# name: w
# type: cell
# rows: 1
# columns: 3
# name: <cell-element>
# type: matrix
# rows: 9
# columns: 3
 -1.541632118188695 1.471020257579463 -2.034257492251375
 -0.5246786372466404 0.1630427223129345 0.3479360310024746
 3.047737733514359 -3.057010648135872 1.723202169767288
 3.137176522450924 -3.136036849670723 -3.174204719804617
 -2.662055900827718 2.627129382084688 -3.153743105285033
 0.4213338452924088 -0.9853348188837592 -0.8401261502803515
 -0.10106774930985 -2.699408878113414 -0.6949375547072795
 -2.239883808883952 2.336858831930605 3.767833547520634
 -3.378791378003536 3.32224867593724 0.7538077975831414



# name: <cell-element>
# type: matrix
# rows: 13
# columns: 10
 0.2016581154583859 0.0475894850321528 0.4234494067067224 0.3886041005328832 0.4764776134198437 0.02500474553290453 0.08303433973791824 0.4014567064341914 0.2149155109304311 0.1248647165716894
 0.09686523656809017 0.3865035121198886 0.8902273769567819 0.5857516329238486 0.6368134477904217 -0.2866743249914281 0.01992852325925569 1.264149915821974 0.6589931878904758 0.1573650905022146
 1.176900459580192 0.2899304888065511 2.368551700353458 1.951018282758688 1.719662656041726 -0.6093362112141657 -1.385825527846094 1.535856850883912 1.16230950273265 0.6790830250778137
 -0.029358368269581 -0.2391753613188246 0.2151871259059807 0.3726057604570168 0.2294751811953944 0.1111448802771925 0.171239218572147 0.05852731335507787 0.5151275967647985 0.2393622387271448
 0.2543889243780896 0.3156327957274874 0.04977962464089444 0.6583384671277009 0.7137943966987064 0.2902725424438871 0.3352132932852193 0.5986723038291016 0.3597135445751775 0.1812387695348242
 0.6352035844363964 -0.1223025278140554 -0.04593411787837181 1.737734112980318 0.3704632919342923 0.1565617858785682 0.877038585015647 -0.02195135829431205 0.6501710541736649 -0.06444345501736237
 1.169488985035896 -0.4987655900108267 2.634806135522438 0.9435094917353246 1.500373094625864 -0.3656075061119657 0.1225606278129128 -0.2022630411604898 2.014753745202558 -0.6086767887182786
 0.3131028162419864 0.1454813787790833 0.3172417980057196 0.317918434290594 0.5775916338251618 0.1594030535244513 0.1521486485995107 0.6354990874949559 0.01106485763957754 0.1261754520496572
 0.1120223694479849 -0.01736938771447427 0.4271159439899649 0.6091476546350131 0.7016025108959445 -0.1462713944262705 0.5412195571028829 0.4200743766758889 0.6771048175050055 0.313326749554437
 0.3592684345747222 0.2111382056014806 0.2724832551473568 0.2413359747804103 0.4481710333578104 0.09426643806534026 0.2441308304222163 0.4049673322182887 0.06408040149406215 0.1831242512004509
 -0.07589127866162421 -0.09350448779218276 1.911606254182449 1.497705169902013 0.7273997010416305 -0.4877627081806008 0.1551935692063171 1.13619823492393 1.730692843285216 0.5110707640548584
 0.1615339623789524 0.2002621812019522 0.2786103473221827 0.6520597890477654 0.6251879195164415 -0.0337455814471577 0.3310134781739162 0.5610288435019112 0.39796047706598 0.1610763082690738
 0.3460772131580996 0.24715826147118 0.6845722195691102 0.3643743177645592 0.5156723660244706 -0.03609076453692313 0.1471840276116617 1.032537986594441 0.3479197558285732 0.2394459730238245



# name: <cell-element>
# type: matrix
# rows: 1
# columns: 14
 -0.1001618616910411 -0.5999478159727664 -0.247164470991738 0.04649411905870499 -0.2380330530541858 -0.7935374018214122 -1.744129684213992 -0.2262929004879261 -0.008549053572972828 -0.142753783744755 -1.48879353951191 -0.1013303034848946 -0.3260941751843929 -0.6022345377784725





