# Created by Octave 4.0.0, Wed Nov 11 02:47:35 2015 ART <mariavictoriamesaalcorta@Marias-MacBook-Pro.local>
# name: m
# type: scalar struct
# ndims: 2
 1 1
# length: 10
# name: iterError
# type: matrix
# rows: 0
# columns: 0


# name: epocsError
# type: matrix
# rows: 1
# columns: 200
 0.4611403844295155 0.4535278121909283 0.4376967446481666 0.4534497396393288 0.4915028056240138 0.5028419187580386 0.4255177764902936 0.4379665813545783 0.4246878012547622 0.5552739149712246 0.4164966327521381 0.4011375111741438 0.417450477266125 0.4946812851004725 0.3909703672113638 0.4170108993554821 0.3951772563571118 0.3947063352062107 0.4079795176676327 0.3687211264915611 0.3812996380204276 0.3968541038851661 0.3187869196699475 0.2684236230057637 0.2220630442809898 0.2112811370795546 0.1542815194949917 0.1141465838135409 0.08305586178255829 0.06479532253417757 0.04851302567918285 0.03805473965708621 0.06818215177796587 0.03125156843056952 0.04813211659512168 0.03970156891261915 0.02489733149108018 0.03939399229245579 0.04726300218314577 0.02899118980718614 0.03239719722577547 0.03325226088278702 0.04475618880032575 0.02556721369401401 0.03435661066801583 0.03009890286648974 0.04452092842824968 0.03296339997691042 0.02911775745421941 0.03264664545306357 0.03568682080482053 0.02089401807253993 0.03109173627762943 0.02012301315889368 0.02901845733314996 0.01764849621449236 0.02157855408837137 0.02834043558876328 0.02436424360544864 0.01532476334302803 0.01932037958534457 0.029094584879519 0.0209104500394292 0.01905038608653245 0.04068553978277663 0.04488316081797485 0.01844152150524902 0.02974264299518356 0.01791903865288071 0.01890564262849307 0.03760880353266829 0.0256027454211372 0.02057810679324223 0.02827746748309092 0.02688618243675893 0.01789772315069644 0.01699885108825998 0.03539673867025763 0.01393662247261591 0.02822773771768109 0.02165000131686701 0.02410188359999235 0.02476874713429042 0.02609000025291395 0.02977680800743543 0.02269032001017121 0.03442897193731127 0.01122117390312987 0.0138163961903719 0.0127033937580317 0.02133225816458886 0.01527380756080061 0.02239482967003776 0.01456629209991656 0.01612484684130266 0.02234799183791503 0.01194352155789439 0.017293853925039 0.01569446127982741 0.01279430072256719 0.02400485922198426 0.01887904124727555 0.02904703266214233 0.04289706793792588 0.01193435435716948 0.01248530543252212 0.01441040749217391 0.01915946758895741 0.009151581028263529 0.01126694653928763 0.01583193014562716 0.01324950862890853 0.0157082596851736 0.01412435131692219 0.01349627214872948 0.01701455089413422 0.01172729168579638 0.01260333565001748 0.0148676266234742 0.01001191334280743 0.01019697993142816 0.01904907850138449 0.009158500845403064 0.00773517005691195 0.01103790308852173 0.00881353665269796 0.01170849977710708 0.008341938133179077 0.0114570986026586 0.01226252061630946 0.01200065001567804 0.01048727846591947 0.008464637798464578 0.009262793219116218 0.008265326027124209 0.008245099875445128 0.01000885273574824 0.01208642334144467 0.008370897107952521 0.01022613692265128 0.01502426293325371 0.01250502548112306 0.008228470055992868 0.006259730329648863 0.01098233714836237 0.008423861598555486 0.01267338591982551 0.00515628868792089 0.01713962313919699 0.0249636583506976 0.007437113571921104 0.008547835539190789 0.006543073051477101 0.01306226042046429 0.01764758147833136 0.01185743686667177 0.009975543535410877 0.01076269145166232 0.004649084411516879 0.00902911825203335 0.01371965556247626 0.009623445969855236 0.01147479099019283 0.007034877988294041 0.004688579803987215 0.004929363801594791 0.006927487123879895 0.005950249443547218 0.006458999625513672 0.005896119219421372 0.008068814550627638 0.009864557831048813 0.006432733226005696 0.007838726856953982 0.006889577652423755 0.005556645226460978 0.007253359850475944 0.01141511027103982 0.01059027371459469 0.01188459028648042 0.005939442535336873 0.0123142901192398 0.005653918290783523 0.009053101483380932 0.00787180790296783 0.004354815974925579 0.005811148025955008 0.004464861385456248 0.004244355510672488 0.005439321483491166 0.004300531355378827 0.005726145302214544 0.02284171777351343 0.00616587489120857 0.003858280813625182 0.00420650017363364 0.004947673966559502 0.01005831553101045 0.00353810440321038 0.004309060393901772


# name: iter
# type: scalar
0


# name: epocs
# type: scalar
200


# name: eta
# type: scalar
0.08


# name: w
# type: cell
# rows: 1
# columns: 3
# name: <cell-element>
# type: matrix
# rows: 9
# columns: 3
 -1.073143907985923 3.146964280487782 1.335428316990585
 -3.363369299541875 -1.201915092341649 1.740057353756308
 1.258431133099558 3.3585145050805 1.475246793508276
 -0.9064417918031894 1.680832630901243 2.065057349557779
 -2.322115615372862 2.616410884654896 -1.90152701065878
 3.46699875024814 -3.371300748886993 -0.8241321218947844
 -1.64930604576608 0.8639850084902896 -0.9959146999692539
 -0.5247397618228729 0.7700377629805639 -0.331251778511204
 2.565902941519442 -2.502620043903239 -2.316377235993228



# name: <cell-element>
# type: matrix
# rows: 13
# columns: 10
 0.5354046694181058 -0.3003084025804399 -0.2356842113832905 0.09696879190649826 0.1043793721402612 1.156328723634806 0.4223980089287431 0.5435032120175036 -0.3736260203645027 0.09803663804425962
 0.1378800064759393 -0.241003024783346 1.508628713234902 1.198894671269601 -0.671539956023369 -2.663441295138409 0.586333159417893 0.3786764307685303 1.729821127638692 0.2053880372966327
 0.2994371310460422 -0.1426370891809927 -0.1880092686355485 0.1768408710992033 -0.009331057062212987 0.4663318323391054 0.1465036813960837 0.356507007181749 -0.0419018225005589 0.04925155912844674
 -0.03222719891388686 0.162781292429783 0.008701531097805634 0.04353278959266181 0.1004724223879069 -0.08792842280906664 0.2969373055362387 0.08070231933690507 0.5122616754937113 0.1365486944596953
 -0.4358141385264346 0.2696761719285308 0.138689889843339 0.2155925037871836 1.9343466794334 0.1934936197982095 0.7263013664513119 0.2980942881418653 -0.05299930589670811 0.362111972875316
 -0.2548469913638407 -0.9454601093974162 -1.103866348725667 -1.007529399559823 0.4879433269749424 1.34438764095318 0.4381542413771308 -0.09893673636411046 -0.9645284950988278 -0.3676295013904695
 1.421189257109119 0.1966867373443524 0.1195754396970058 1.745428954448558 2.617510967201175 2.244746830216685 1.230642675304687 0.4322229615605359 0.04556837825796411 1.841380687860823
 -0.3530640566963018 0.1092488306414965 0.2055024636532334 -0.02139992773512096 -0.07905833313247473 -0.4497252864846581 0.211389303555806 0.2820898951444629 0.5288645198485389 0.1543944602047149
 0.04811451996027841 0.4057185082584481 0.4945381878202806 0.4853321906143142 -0.6224381464263249 -0.1116560625043378 0.3110092648572128 0.4575851576891812 0.9039358108424277 -0.331659175380391
 -2.484913697739453 1.289526760042668 0.4738232407480921 0.9442121372696176 3.021698079803512 0.3110266389271216 1.255980204333867 0.7190913260988958 2.48770881154313 -0.9568568520494521
 -0.130681221982625 0.1121312858973674 0.1607717997797296 0.1002998178814642 -0.1815760904691453 -0.3173752622665105 0.03858795948302414 0.3585501583441807 0.4244376844064893 -0.05183020992540493
 -0.3633929572519488 0.3690205454565027 0.3328055889776184 -0.06465924669770726 0.2258873358860565 -0.3670277643248843 0.03076330683227648 0.06140614318491786 0.7033106251152962 0.08293747086904026
 0.5179083976968516 0.07695367937160956 -0.1408295663533353 -0.1687558786116034 0.2434240594022719 0.8235471887260929 0.1663424631947434 0.05063300969741535 -0.1266701558529792 0.1532685008159609



# name: <cell-element>
# type: matrix
# rows: 1
# columns: 14
 -0.1743428394158872 -0.7433887045926889 -0.0656746971506663 -0.1755225555957002 0.9111296673947946 0.7880865162860553 1.089311869159588 -0.1567756262469738 -0.1372332416193352 -1.420362512615753 -0.100558713666171 -0.1866672749516511 -0.06095719567341026 -0.3755288899557556





