# Created by Octave 4.0.0, Wed Nov 11 02:54:39 2015 ART <mariavictoriamesaalcorta@Marias-MacBook-Pro.local>
# name: m
# type: scalar struct
# ndims: 2
 1 1
# length: 10
# name: iterError
# type: matrix
# rows: 0
# columns: 0


# name: epocsError
# type: matrix
# rows: 1
# columns: 200
 0.4457507828877708 0.4464930645716646 0.4376537290611079 0.4358463949892887 0.4404403300773662 0.4485108490968751 0.4415087549487454 0.4385770166482835 0.433873540594911 0.5114391330565007 0.5145768178979955 0.4184399363823808 0.4187002421498763 0.4793476646654922 0.4477824444699086 0.4140068187906564 0.4233313851889444 0.3894786929438007 0.4553662265896321 0.3929507383324297 0.4011655308006146 0.3933602145125445 0.3957912785036885 0.3825560838730172 0.3418959988719182 0.2895087546555321 0.2620510700945928 0.2719122302386371 0.1920312161497862 0.4469218006581694 0.1731962700904837 0.159713337261621 0.1571422768984936 0.05390998321947173 0.08545338317621358 0.04296853644299302 0.06234689161722579 0.04832628226092162 0.03244488983493812 0.03345521865852946 0.03263231423051766 0.03216784812202292 0.04445016371006362 0.03348423314641677 0.03312129100338912 0.02833217473085658 0.02962698037408186 0.02964686424694487 0.04158935734563104 0.02466161239393045 0.0281929067578557 0.03049856089580336 0.04289253854536786 0.02859015122953539 0.02634487974564387 0.02568387819339078 0.02608907329327435 0.02789815262166644 0.02516196239846572 0.02714325791859306 0.02686976936837697 0.03643978346089644 0.02729836414996356 0.02442563497829998 0.02587893182724389 0.02466882328293921 0.02284135852405715 0.0238561370654322 0.03091332982456317 0.03020512443530115 0.02160940544902179 0.0203540465516369 0.02151564848012769 0.02240541816639902 0.02705012631195762 0.03342666835582667 0.03436742092970062 0.01898117921127591 0.01884149265127847 0.02312569381355933 0.01977006640751648 0.02168771976881386 0.02196339794677762 0.01916004082047395 0.02573315765013511 0.02715737772919988 0.01808827931524793 0.01957738075641517 0.02212032439821231 0.03011691074526449 0.02577099748701848 0.01870125028310916 0.01321416486959489 0.01573571681936801 0.01953811691316227 0.01860069609737148 0.01359818456503816 0.01531099124085159 0.01793662691076938 0.01517198629816094 0.01693941471209346 0.02387777584626408 0.01430676382014621 0.01465513789555364 0.01200736296506274 0.01486908177571277 0.02000275715906011 0.03208971526910752 0.01547194640524072 0.01534167790472664 0.01678901507549723 0.009559897829011541 0.01753851290850924 0.01502400276525853 0.01122006337969599 0.0119750759281477 0.01078067693021027 0.01980897551795115 0.01486802996373117 0.009661151671817702 0.008704908570695773 0.01737366690669656 0.008728525809804282 0.01167859419463543 0.01078099656998983 0.009361082864335105 0.008639920848030433 0.01708408431070199 0.02498029114488013 0.01946278364359242 0.0106219518539551 0.007186521260058488 0.009504322600287477 0.008115901317131826 0.007373280750915536 0.007400288499080161 0.006582202723321989 0.007455495858578579 0.00968639220565763 0.007061580634313704 0.00989073163747203 0.009977045678993548 0.006108357456697352 0.004999860042854396 0.005368075683206127 0.01115520026952019 0.006236488761402831 0.009118071146153558 0.01358261206720315 0.008546455554038398 0.006365916178545422 0.005187741044310564 0.009485314887402532 0.005847217308944953 0.007747395202009524 0.008494836681083098 0.005296557874183783 0.006542119604313458 0.007950351231717783 0.005966105916594017 0.006000065320129248 0.009216792290009834 0.005488348786804157 0.008120462120651531 0.004926783086281063 0.01158514770333156 0.005092800080998073 0.006809847241830613 0.008997613595714328 0.006789179151893792 0.006801934414732024 0.004077035250515199 0.009037696907821897 0.006256664476842219 0.004498858372551251 0.01046990535111586 0.005363704936327943 0.009491469162372463 0.003885676262906624 0.006843732451024685 0.003882787359441516 0.004376620590176458 0.005673835785430927 0.005011631070234268 0.008839940514345657 0.006329219369745588 0.01158470812860171 0.004895362280135864 0.005731328995282164 0.005084186737518234 0.004093689394103879 0.006474367011799854 0.003447310828728317 0.004745712274078192 0.003998643909738849 0.009308564824308323 0.003770310096116497 0.003619033183616334 0.004561685779036807 0.008356609667947669


# name: iter
# type: scalar
0


# name: epocs
# type: scalar
200


# name: eta
# type: scalar
0.08


# name: w
# type: cell
# rows: 1
# columns: 3
# name: <cell-element>
# type: matrix
# rows: 9
# columns: 3
 3.151556610405164 -1.671679972341362 -0.6307425104884651
 -2.755154811851301 2.446121603731013 -3.149872781359088
 -1.583561939509304 1.81953763572955 2.804353839156407
 -2.617517131809489 2.561475655749144 -1.527301606499374
 1.511332349322098 -0.9749000100215691 -2.017268764487824
 3.33754809552322 -3.220104301480026 -3.336975186056937
 -1.063258710283544 -1.861742384321647 0.2877629903240699
 -1.122432423242903 0.2645177402450292 0.4021345053085216
 3.373568017618248 -3.455779653196434 -0.6209895453186012



# name: <cell-element>
# type: matrix
# rows: 13
# columns: 10
 0.005362448092224968 -0.1532834656362069 0.002913122641163051 0.5270256695304062 0.2761168017768997 -0.0273500785952177 0.1189647346602993 0.1533140013695691 0.1782270466558979 0.318225965570782
 1.195580587124786 0.8138750840903229 0.05934558369734033 1.521865063491161 0.03701495006939835 0.1621984696620365 -0.3203465714800496 0.2063002521495813 1.100365350293878 2.074797716997718
 -1.236318107326177 -2.414469486497805 -0.9324059750996528 2.340959212831359 0.722577145329754 -1.267978672476167 -0.04337423725157857 -0.3565982967110481 1.364677604403468 0.1651218390189651
 -0.03337257504381921 -0.6295438766851212 -0.6538207649962725 1.193259192176691 0.4867288746220911 -0.8251998012873389 0.5214721323842281 -0.2241985142224301 0.5919788299602475 0.2824491645798316
 -0.2774843630347881 0.1237085487082105 -0.3225714065085898 0.7750136714536762 0.2772596062426939 -0.1711100529875778 0.05911818084083079 -0.004571915168725436 0.4542245385467197 0.8869706301615762
 1.991947868787024 2.292224354271897 0.6481471969555083 1.828021255782041 -0.06689888758464041 3.110654991785993 -0.242339973080924 0.5343297122056149 -1.56003145462913 1.340236383839217
 0.1387829451202082 0.7216560883455152 0.2112190534414669 -0.403294480591525 -0.2704408378059652 0.8906108184125896 0.1759183297206142 0.3416045212461357 -0.5474566155543101 0.142190262278509
 0.006726606750442165 0.3811679703021338 0.6253242046926885 0.05203379529714834 -0.2083318731110157 0.7687273927466943 0.009484914056356795 0.3227149461179113 0.04370930524876383 0.06007893700245867
 0.3326921706940104 0.4710296336104681 -0.1928701459995888 0.8212568948177718 0.1361688336746381 -0.9639027014579873 -0.4008304489709444 -0.3296595036301169 0.1489281221389794 1.37526194571596
 -0.05329389723751271 -0.2481732042112836 -0.1507609506026605 1.002015271996447 0.574865497852409 -0.5160997371804792 0.2959321211165144 -0.2509495645084311 0.7048015458649094 0.2392057100409744
 -0.05643322376915041 0.07533602319810744 0.07142822761336701 0.7117921464976459 0.3067819572415449 -0.2025414145668689 0.05604216032736483 0.1100728596778904 0.5975289513204149 0.4786750326388892
 -0.07001583130596241 -0.1578888752061508 -0.1359869963794399 0.5641205729850939 0.2397857231374594 -0.3236863850410219 0.01800085550840278 0.02955515297735486 0.5341536416753218 0.2636767410343489
 -0.2614109875577226 -0.08266139119888051 -0.5693497438155006 0.9108202882422556 0.513043046468625 -0.6346475207000036 0.2193432791750672 -0.2673670338964395 0.7913337891164407 0.5852399585053637



# name: <cell-element>
# type: matrix
# rows: 1
# columns: 14
 0.03378314807965775 0.6727100345057674 0.792461773761719 0.3386085328506671 0.02345921923516822 -0.8538397891107591 -0.2360257983515595 -0.103509026913864 0.3555816048242555 0.2224262878401199 0.0870888969473851 0.105328419116555 0.2049090269199665 -0.8589999271393161





