# Created by Octave 4.0.0, Wed Nov 11 04:19:48 2015 ART <mariavictoriamesaalcorta@Marias-MacBook-Pro.local>
# name: m
# type: scalar struct
# ndims: 2
 1 1
# length: 10
# name: iterError
# type: matrix
# rows: 0
# columns: 0


# name: epocsError
# type: matrix
# rows: 1
# columns: 200
 0.4395905130598103 0.4336240854832759 0.4538866380287328 0.4364975890358924 0.4239505869361521 0.4489906212262275 0.4245366591107893 0.4794347219970788 0.4492381085657804 0.4348963236761068 0.4271633778224355 0.4470370477825887 0.4579938715177121 0.440475606235825 0.4321848055404022 0.4373380607498232 0.3505498966854262 0.2891500909760288 0.2021472145753346 0.1766726995506412 0.1978635382261599 0.1115814072956058 0.0582674369334112 0.05723355786965519 0.03884324621528611 0.04143185321807115 0.03753966080172037 0.03681013316269069 0.03341455524876556 0.03358669138029128 0.02878241062486246 0.03954405108465785 0.02919341517691957 0.03169836792317299 0.0273109090534616 0.02667483397625383 0.02855901651340197 0.02841609482576149 0.0278788392972484 0.02695485549513069 0.02758271123128888 0.03458588966491777 0.0257261871136177 0.03106631682515752 0.03732293164603635 0.02638285735649889 0.02111079951522946 0.01857215101752309 0.01209279630226805 0.02099396221772654 0.01479857593045436 0.007894395645249734 0.02083591947403823 0.01747079725520929 0.01219353841323776 0.02693937512142292 0.01006480668034279 0.02089377664798922 0.0187132114170735 0.006666492246845537 0.007399040960193428 0.00727023100480989 0.01032396247560314 0.00962211519563067 0.007474743547678804 0.006840254710796937 0.007378948228630224 0.01457896365789779 0.008375739249091917 0.006795271878570156 0.007835269797192635 0.02297768245880571 0.0104548691373343 0.01015385628742512 0.00859910449372657 0.01104190786533055 0.01462049421587556 0.01623874793081533 0.008595166512356891 0.005943732533631465 0.006901406569927628 0.0064074577637241 0.009616723590696761 0.01078080168763368 0.01638177657828213 0.008330001782077896 0.01021671245340619 0.007732445553522828 0.009727363923313871 0.01244118496100035 0.006931697303121323 0.007633265999482472 0.01107661948720389 0.008743648849449958 0.006759692665112337 0.008368083413688939 0.008167902482258186 0.00659057606755292 0.007081980370134301 0.006187173003605754 0.006523990745103256 0.005780985178533283 0.005463251471884829 0.004848104967192633 0.00481228068554609 0.008545930054319945 0.00687002240876756 0.008384297030981846 0.009505378900085189 0.00682269740658234 0.005796108967835709 0.004880010489562729 0.005989929151375433 0.007211289396242029 0.006030286353993532 0.006638091578490243 0.006793696517173229 0.00614554666796567 0.006917712224963307 0.01310314649756891 0.007298487653878945 0.009942302708196795 0.008740947232239506 0.006708032295317105 0.007821199545872947 0.01045652281437244 0.005132794836475836 0.005548352448215141 0.007225975824152677 0.006345840093967022 0.005698408354178319 0.006067786652183146 0.005447089704290138 0.006854622269824845 0.005154818332890453 0.006437248301767044 0.006148267369405089 0.004403176791657342 0.005887227542754309 0.005751932388297839 0.007816047467275497 0.005756214017682761 0.005971080602560498 0.006223709178165085 0.007790602490835589 0.005778898201480235 0.006383053822476822 0.008079980465697776 0.004666731325197277 0.006745668142840427 0.008176767328334939 0.005236025737954493 0.004919279450320858 0.006068811814582386 0.005291741393187892 0.006573724145270456 0.004292898632971587 0.007948344516922412 0.007379248658868472 0.005271559542022871 0.00572718656007712 0.00602608204477891 0.005206316286401158 0.005912990754481399 0.006005532726045948 0.005013045275496209 0.007011879825032459 0.007358812731103374 0.005554105623741003 0.008575675587306699 0.008590663977630241 0.006454437649491687 0.006538270954839154 0.006604562417300496 0.00504609436799106 0.006497471541622909 0.004868607057424268 0.007383237442230919 0.004823943556104194 0.006644313748004443 0.005936973062059874 0.004520412839112481 0.00894054330095473 0.005705064412853373 0.005715930358543809 0.005401899975266427 0.004262357462456596 0.005240071585582752 0.00678661643641813 0.007210647831238749 0.007633133504614527 0.004679479995116849 0.00641686838773391 0.007201593365585506 0.007434710776137632 0.005087702572292216 0.005702404018927298 0.00519949480995838 0.005354900804552673 0.004483662716449693


# name: iter
# type: scalar
0


# name: epocs
# type: scalar
200


# name: eta
# type: scalar
0.08


# name: w
# type: cell
# rows: 1
# columns: 3
# name: <cell-element>
# type: matrix
# rows: 6
# columns: 3
 1.507417892243319 -2.11381783422937 -0.4063537414809151
 -1.78979656477175 2.005231216627251 -2.032568668698996
 -1.456209088031984 0.980828209694136 -0.9128733160002308
 -2.008613082182781 1.520337444189235 0.6844277479559837
 0.4371043903070331 -0.4717834330040495 0.03834650828319857
 1.865323929740775 -1.942431563664048 -3.167933736939248



# name: <cell-element>
# type: matrix
# rows: 9
# columns: 7
 0.07512427985473527 0.1623953980529236 0.3278286512231297 0.5400382117978713 -0.04881433342194291 1.065244331983865 0.6342840921140865
 0.3560481671978462 1.488457577308147 1.11347136617379 0.3524379459581954 -0.3222050683133499 0.7159995714630861 -0.6531695509333585
 -0.4917347488091107 0.07451078270930786 0.05900867234331518 0.9834382435578357 -0.116567954186124 0.1656009762662597 0.4937894222794197
 1.032084401077622 0.4433870222754414 0.02112998062112095 -1.225410422135053 0.4080194298267075 3.047539644745596 0.9898860092338216
 0.2748764368307632 0.2392428569868925 0.1770104566225448 0.3505233785457943 0.3926797271016848 2.302350471637047 0.1749385320813737
 0.1516121501656454 0.08332346682664746 0.1801654413468111 0.3079588452552103 0.3662261368784365 0.4135148425362503 0.4267199936722185
 -0.8454182926669981 0.6333507746946916 0.865051633968367 0.6168082565077955 -0.2394898637244527 -0.6061711934818874 0.4062722593941501
 -1.269300228114687 1.340057612308551 0.5654865480851534 1.611494774030498 -0.09325852592318705 0.4042867950319046 -0.9380849473989588
 -0.1419525987716539 0.0958903752197688 0.01507642464921836 0.237774892695859 -0.003264156555602844 0.8156751293431561 0.5983482142902606



# name: <cell-element>
# type: matrix
# rows: 1
# columns: 10
 0.06741807717616868 -1.699901940115441 -0.6344263976732835 -1.831332833766198 1.14626028741199 -0.02167888895275123 -1.552299872133046 2.014783896134016 -0.06062718361078379 -0.5047127012238262





