# Created by Octave 4.0.0, Wed Nov 11 03:31:14 2015 ART <mariavictoriamesaalcorta@Marias-MacBook-Pro.local>
# name: m
# type: scalar struct
# ndims: 2
 1 1
# length: 10
# name: iterError
# type: matrix
# rows: 0
# columns: 0


# name: epocsError
# type: matrix
# rows: 1
# columns: 200
 0.433493365304852 0.4580801893592694 0.4391599550208156 0.428683551311379 0.5252737418582314 0.4891458727462515 0.4854334483603544 0.4390880245267182 0.430716702930355 0.4116107265170985 0.4134128519261618 0.4080942425856481 0.4293335440340594 0.4025609809257325 0.4097714509370383 0.3992211099992479 0.4176124366398715 0.4023284214350286 0.3755668800437827 0.3511711848375202 0.354441242272143 0.3923709337105009 0.2763059697212157 0.2380260408358318 0.2259420517914222 0.1053810523715565 0.07201018131417722 0.05764029729361464 0.03646092712140481 0.03429203705041219 0.04720165497529174 0.03771088119206469 0.03239337818912599 0.02251707330398528 0.02691985527022899 0.05401019611651431 0.02184220946087007 0.03050418723323646 0.01900055781759534 0.02082274466104032 0.02090975494560165 0.03599540798370147 0.02291984257843222 0.03268079691653578 0.0476561020083752 0.01839148829719973 0.04985438396879294 0.01743242214150648 0.02158888942465149 0.01772089533858394 0.01582125565461088 0.0147360706337001 0.02207339028652827 0.01341340170632425 0.01457446183139448 0.02668183480349131 0.01169403681921674 0.0157458820535901 0.01313454983632246 0.01170257981345581 0.01613080890105464 0.01271177253355784 0.008738553120884078 0.009695583940319429 0.02562970665582087 0.009298542022869108 0.01841495527821626 0.01043976377995941 0.01750875686502857 0.01017841442773761 0.009945936464692844 0.01014870642113106 0.008982021498408989 0.01737205594966848 0.01277883385612401 0.009548872905312594 0.01078962062869735 0.01263450772030567 0.009522063148681386 0.01202932990403582 0.006083669318718512 0.008234359452287822 0.007627324227922201 0.01006019770355731 0.007040886929374223 0.01362286550652205 0.006035928658280598 0.007655053009499392 0.01082792084570877 0.007954576915775401 0.006542035069985084 0.00765618347754846 0.007967144475045223 0.01290990798703131 0.008978617898338967 0.006016902048238297 0.008782759731369626 0.01254800875262737 0.006053681510686144 0.008368893091818954 0.006265912445812124 0.005942867860153236 0.01560056540991555 0.009339024930626841 0.01182072084745035 0.005074441778394119 0.007892946606038337 0.007823448354773339 0.008651043537597766 0.007577873820502077 0.006727502484708633 0.009714296768682917 0.008297106637280073 0.00500350798231734 0.005855289114957967 0.01061738855366531 0.005111531590810304 0.01091027951394859 0.01418340945669799 0.006286306004398783 0.005684222559512975 0.008241486985556991 0.006123462283201934 0.01056004493308255 0.005460101286428818 0.005514012168650531 0.005818232744239596 0.00655496316748133 0.004691617776257122 0.006891311577476645 0.00653009076462011 0.009308691707398632 0.005797025361010759 0.006569287236169319 0.006832166876581843 0.006017759841085332 0.007977499211741587 0.006438337145083561 0.009069435857228204 0.008566955031082948 0.004946812434580473 0.007867687162916054 0.00371482295619 0.004333840369916064 0.005254925009485737 0.006436467749346812 0.00619821757796866 0.005780731861695382 0.0130996774773253 0.009393055292941186 0.004829269584294414 0.007173266494514972 0.009388837856248423 0.00513802515807986 0.005011379317541012 0.007110819888309154 0.003617616283804876 0.006862395170450613 0.004037604676513941 0.004237127167230335 0.007629550199174578 0.005156772783470789 0.008014754724717268 0.006111656263615414 0.005596581251671006 0.00659701280579327 0.005743135348842836 0.005207329161091148 0.005530898110751372 0.005963194098659232 0.003855061066158108 0.01761842529362838 0.003654070666473222 0.004763747332850158 0.006801547646226109 0.004493890220617058 0.005990557151961157 0.003151549791769511 0.003258308525377439 0.006574498269533389 0.006386979052951025 0.005234716146659747 0.004023371036673735 0.006767899689377612 0.003844807816690052 0.0073882595533744 0.00811064249594735 0.008213837825177893 0.003826404067958259 0.00436531008713728 0.004083144948488849 0.006918919943142907 0.003534552100056858 0.004881590161600405 0.004042206477208223 0.002915480513554249 0.00440035378742357 0.01012638146961546 0.008270910894301299 0.004372754597855999


# name: iter
# type: scalar
0


# name: epocs
# type: scalar
200


# name: eta
# type: scalar
0.08


# name: w
# type: cell
# rows: 1
# columns: 3
# name: <cell-element>
# type: matrix
# rows: 10
# columns: 3
 -0.684134129703234 1.790012221388443 1.823685736749574
 3.183574571657292 -3.159988562208391 0.3188110235477175
 0.6343878270691505 -0.7631534907370953 -0.3288169780075937
 -0.6930364782491125 0.6483259166136227 0.01127692561276216
 3.018109545140893 -2.910755284877539 -2.212359578702143
 0.589358611707121 -0.4195408559608329 0.03933508471977873
 -1.660099149880857 0.3750267115055219 1.551163873353718
 -2.773290118694515 2.836551452846053 2.935992559078183
 -1.480889820552143 1.675714847602212 -1.747840819507577
 -1.061640155028854 0.8533828835414948 -1.641339164550819



# name: <cell-element>
# type: matrix
# rows: 6
# columns: 11
 -0.5105363010065685 1.18642877775006 0.6972050222799182 0.009738465877902924 -0.4152267626270126 0.6538841205122723 -0.08009930440000103 0.3149046353786431 0.2805392962274835 0.2784812648697645 -0.2679851134584242
 -0.04536285907987964 -0.09646239908995538 0.4679151217642694 -0.1711083147069853 1.661882639758066 0.384744774206241 0.3785742872138236 -1.222431242369624 0.001452183959481096 0.4237701817038624 0.5989434142785379
 0.5968263159137438 -0.9172865948966079 -0.4858480099826564 0.4070099439208175 0.1243679997654214 -0.1096966706303024 0.704578037808905 -0.01685133174066945 1.668701823454129 1.208721620214324 -0.1497944509000124
 0.4353763842274143 -0.1067748262999682 0.06897801327159749 0.2894808323122295 0.3713629224443536 0.2649110771763744 0.236264980985465 -0.04051385627600276 -0.1514296714981807 0.3324528336470364 0.134477384266375
 1.722490777470626 -0.7015474743016691 -1.390502675271846 1.428002728283366 2.893344879378385 -0.6543156243735945 1.582965876059678 -3.354786422140622 1.34581739503925 1.321596580202479 0.1043880604890089
 0.1532427870674238 1.24291998530129 0.3443092372886694 -0.1378891691613214 1.100087323322508 0.3236008687829295 0.1271611378612116 -0.868398956865581 0.05723531157752498 -0.2083654855195391 -0.1267418989344807



# name: <cell-element>
# type: matrix
# rows: 1
# columns: 7
 0.7231854895495354 -1.201676559782286 1.742307947138053 -0.1051448410509975 -1.436846503973714 1.648952911097991 -0.3023499614188129





