# Created by Octave 4.0.0, Wed Nov 11 10:41:17 2015 ART <mariavictoriamesaalcorta@Marias-MacBook-Pro.local>
# name: m
# type: scalar struct
# ndims: 2
 1 1
# length: 10
# name: iterError
# type: matrix
# rows: 0
# columns: 0


# name: epocsError
# type: matrix
# rows: 1
# columns: 200
 0.4929273870065285 0.4378955328461649 0.4942264295831327 0.4275925830647427 0.4330613436129349 0.4266810265870827 0.4416252940995085 0.4325246167499586 0.4178868456010119 0.4097206318928875 0.41422764791307 0.4005346228304683 0.4600717393070906 0.4304448484181724 0.3934783646951371 0.4047142286464351 0.3822762655010405 0.4446836156431166 0.4663911229055225 0.3785879984374406 0.4033665946796866 0.4715144008685233 0.4482802967714969 0.384219079841331 0.3774462222116516 0.3775859842430219 0.3841013789378319 0.4119221755643291 0.3703906528916238 0.3788410950876165 0.3868803462411067 0.3700214835261396 0.3885675934226611 0.3666771295024145 0.3695334954853036 0.3681343124625502 0.3707852726584399 0.3687028559605823 0.4068810544551755 0.3822267578205114 0.3937810426303435 0.3788692890072234 0.3887376734027732 0.3866568336000028 0.3655084531227453 0.3736900490797998 0.3706774799386556 0.3734729414191177 0.3663137674667087 0.3705508293712976 0.3774879692250137 0.4030061290906296 0.5052391308577105 0.3664379542046843 0.4145891595799269 0.3681315013132783 0.3762493840946394 0.4991661639700856 0.374347734806183 0.3774457293471486 0.3714982480872468 0.3692070769956179 0.4107680765844358 0.3820779562351885 0.3711397610929332 0.3864614552534354 0.4081430692203209 0.4297125620218096 0.3744525132618661 0.4283319887272128 0.3744933462965214 0.3770787169454451 0.3643449569527968 0.3981108711498619 0.3813530826560914 0.3662539581013588 0.3754500609162511 0.3636815276047959 0.3954381096652779 0.3704319474662769 0.3767376905684067 0.3722247893690856 0.3699306035845332 0.3987562197961254 0.3633986678608105 0.3696054006139977 0.3711376111746151 0.3642884225325517 0.3636186119496915 0.419306513728448 0.3959264325193658 0.4087713925374356 0.4153874514014517 0.365660018305049 0.3710908848065422 0.3606887299825141 0.3748144974712539 0.3788629928737498 0.3628821449468712 0.3670440099860974 0.3551945408125495 0.4064886680080032 0.3717029401405293 0.3096509379342853 0.2708961333294826 0.2584169843670479 0.1909320343180299 0.1424004138068597 0.2562190774089988 0.1148262321515077 0.1698690276256891 0.1113748351602968 0.06799317763926939 0.08394768369837226 0.06231889408744384 0.06795334791778698 0.06193041048247759 0.05459081444578952 0.04427852617420324 0.0623409795457491 0.04134731630297716 0.06286850619970148 0.04312232015645508 0.04886373371628442 0.03778367758457487 0.03963421011299861 0.04047572508140513 0.0363603732630302 0.03488833369413762 0.03414225195500647 0.07902781283806014 0.04369425880271749 0.04362208772567135 0.02815052465584376 0.03981597153897231 0.02962488834866663 0.02472489045276818 0.02874041413785887 0.02197426838184315 0.02242379429863711 0.03170882185941946 0.01964836414354968 0.01878587325705276 0.03565887678400627 0.01740132118196012 0.01547462528406891 0.024370107251308 0.01556912950938766 0.01521422047600445 0.01359749119756977 0.0154471846816679 0.0167847692089389 0.01325808088406155 0.01235454552899372 0.01152337938199196 0.006133165071449069 0.0068349067280229 0.009133073167971238 0.007548557551052769 0.008774667245219744 0.004908746497690021 0.005489428036193007 0.005762094088273237 0.006486982809328534 0.005742848022427381 0.004127976867654619 0.01218250463519869 0.00346633161175343 0.004889236167708047 0.005040574014951557 0.003510146395161549 0.002812157967113544 0.004096092165315837 0.002849508436783207 0.003778521882066059 0.01690793029721064 0.003729963531659438 0.005014651125675703 0.005430960265668712 0.006880086580791217 0.003329830503467994 0.003141871782562629 0.002379922633555815 0.004619090332025287 0.003325442589595593 0.004103942011805253 0.002831774924301882 0.002846583950625846 0.002040001271839642 0.002451914573442944 0.001708328439394291 0.003789212053847877 0.003066258099784607 0.001742783437455017 0.002168210072695458 0.00255816928458909 0.00191543363791798 0.004538463780900075 0.001683708191276986 0.001495937015720348


# name: iter
# type: scalar
0


# name: epocs
# type: scalar
200


# name: eta
# type: scalar
0.08


# name: w
# type: cell
# rows: 1
# columns: 3
# name: <cell-element>
# type: matrix
# rows: 6
# columns: 3
 2.864639992987751 -2.856160798659348 -0.2124937218805496
 -3.187704192858678 2.025983504475435 -3.096909273879918
 1.742904238320891 -1.917380511311991 2.548529544438343
 -2.9938438127975 2.951209760404657 -1.75376435202962
 3.690931394052956 -3.685878337043616 -2.803295528744361
 -1.95605723577637 1.979647645697084 3.06905703519988



# name: <cell-element>
# type: matrix
# rows: 9
# columns: 7
 0.4370774361453309 -0.5547137647278235 0.1563467520071766 0.0888756038509969 0.06561592395957165 0.8211715247849531 -0.7075111584025977
 0.09056696644931742 -0.1093129725937755 0.004882102434459244 -0.06826910529692151 0.03623053859452132 0.321979783847945 -0.1957291066694542
 0.06944974310035169 -0.1749627301830193 0.09205998883262194 0.1776462476338409 0.03445955422972365 0.1217009069216698 -0.1568812058172915
 1.359417615394919 0.379437061616219 2.040622938784569 1.687061895177785 1.58456821390731 -0.8732227845025984 0.8656503902089037
 0.06726748438544163 0.2873763337659279 0.3394344260971027 2.523465560566619 0.3705111977135395 2.376713139249602 0.1555247372581859
 -2.074439098570482 1.10576613550638 -1.243060760508119 -1.396104677441213 2.865465481486768 2.860287875533017 0.6271175116042489
 0.17764875805848 -0.3363472100714016 0.3538687696082481 0.6236419176631054 0.07237088687693455 0.04597274835425819 -0.2268826519316901
 -0.07708946653902229 -0.3734841344280233 0.5038941253957667 0.65453001272244 0.1470427816525649 -0.1748988215147515 -0.21005881608981
 -0.2602260073789335 -1.255743972773576 0.5614962757862274 0.09542570885278789 -1.063991874241749 1.370483579130785 -1.668112820667098



# name: <cell-element>
# type: matrix
# rows: 1
# columns: 10
 -0.4268601243345436 -0.1212550104429143 -0.03179105893691553 1.531108240559325 1.315677614978423 -1.056139727080662 -0.02144362812079163 0.09311163686619474 0.968067612987614 -0.04782385729344998





