# Created by Octave 4.0.0, Wed Nov 11 04:20:59 2015 ART <mariavictoriamesaalcorta@Marias-MacBook-Pro.local>
# name: m
# type: scalar struct
# ndims: 2
 1 1
# length: 10
# name: iterError
# type: matrix
# rows: 0
# columns: 0


# name: epocsError
# type: matrix
# rows: 1
# columns: 200
 0.4526323288269529 0.4239456151469553 0.4228603102354591 0.4226195099932776 0.4446690303076085 0.4391942048762008 0.4608028708343078 0.4742411985544297 0.4212528746853655 0.4218000440528233 0.4224093367053232 0.4318248432478993 0.4253032368782676 0.40578295648804 0.3503354004378044 0.2923853879132238 0.2274121925508836 0.1860527933985077 0.2286056734993835 0.1899773331145393 0.1253632199593469 0.07440964801164761 0.1111838446250222 0.09891808400061186 0.08392556453922802 0.04824743646259255 0.05388698662069602 0.052511889979247 0.06338383649983335 0.07972700682347925 0.06063026313524116 0.04997356540474265 0.06083962979252129 0.04135155159443556 0.04887813047493445 0.03897033648448296 0.03729620513880176 0.0308855427690208 0.03508114061225347 0.03222119215211885 0.03247238770628569 0.02498894868780976 0.02482742127249626 0.02183388199737372 0.01573478510144595 0.01571637791105438 0.01158023991212911 0.009511462372447372 0.01049030581654806 0.0292072588682155 0.008143726445377152 0.01245261285366625 0.008451029538770784 0.009894753070031018 0.009344979672215904 0.01939159548971292 0.007591411063242347 0.01231812264320235 0.01037864114862421 0.007593689845334072 0.01052286852877856 0.006903223965940322 0.007732785602900756 0.006786072219274253 0.006020058295293982 0.01099127643619747 0.01036615654866809 0.007210957458978767 0.007781306275504839 0.006487829709162428 0.009679634415588128 0.01456779297538341 0.008272058874733725 0.006315571082705963 0.005886151116462929 0.01163289797153934 0.008925443490136983 0.009149509223302819 0.005978885420824538 0.006404121511615873 0.01090898124586005 0.007523723455616433 0.007595344427552708 0.005190440200664902 0.005820501170249555 0.008244846632666867 0.007719715371362594 0.007011760660239254 0.009729789170603154 0.009635108827400898 0.006961812979886844 0.004979163571774865 0.009595025228648564 0.01225585316950917 0.007853367965059452 0.006769261666873595 0.007741441141169559 0.009067796975125856 0.006100475763302976 0.007476914884104425 0.005848427514417721 0.008005885303510166 0.006375596490885671 0.007014900959963409 0.005529503766916383 0.005813078814288162 0.0055837105067578 0.007534669485310724 0.005575669668348072 0.007200886682113021 0.004561089891059146 0.007666515561519237 0.005576828516921569 0.006209290671259846 0.005134568936500173 0.005839290134998631 0.007796058930100872 0.004996560301662811 0.008017224492842565 0.007572033253446078 0.005777415867501468 0.006242705155870048 0.006860931370915698 0.005612699508257112 0.006761814830376246 0.00599513813197658 0.00583490854242021 0.008695161424673853 0.004397704844369676 0.004346767406621086 0.004591191599593439 0.004443891907680403 0.004822418266370081 0.004268979023426521 0.004945151608462376 0.004991330632434424 0.006358623996917142 0.004825419218591031 0.004460244815283566 0.005660937146524537 0.005240784621898869 0.004476743546562917 0.004278521811799978 0.007049276675794423 0.005115815252494551 0.005762476035118597 0.004543884628030166 0.004806585883145379 0.006054997681857665 0.00397646534645081 0.005685206364998343 0.00487295531721916 0.004422808502026834 0.008495389701238851 0.003694831400925721 0.005160062598175557 0.003627977873200876 0.00546589553745192 0.006001093391129064 0.006850874626386975 0.004175580056048754 0.006148585896170031 0.005207717317940176 0.007532463758637606 0.004526599405821026 0.003871912904512641 0.004796291816855378 0.004866302631369267 0.005242738023814959 0.003740448304182403 0.007003276842199655 0.004495280972326603 0.005928701942964093 0.005397623867479182 0.004530683804052742 0.004787932928244188 0.006655523069160475 0.004457210442057342 0.008499595760586004 0.004502887965719393 0.005610299774092694 0.006183895886560541 0.003583566752739107 0.004906302956984318 0.00686248435992066 0.003327233438164842 0.004570312932256142 0.004244787160575813 0.006793144432182522 0.005609189408642423 0.0051724143612868 0.003794254700296555 0.005305790097540512 0.005252062595529704 0.006578473148659925 0.005547349068990389 0.006241075927348602 0.004025832737452835 0.004271648192585053 0.004317518834837094


# name: iter
# type: scalar
0


# name: epocs
# type: scalar
200


# name: eta
# type: scalar
0.08


# name: w
# type: cell
# rows: 1
# columns: 3
# name: <cell-element>
# type: matrix
# rows: 6
# columns: 3
 0.1704232553069831 0.04771734059863895 -0.08570590753419546
 1.751582026683019 -1.820376309111416 -2.636314102701779
 1.065100146997363 -1.106822429447377 -0.5279240579140684
 -0.6439835642006287 0.4604642001438402 -0.04275389545626613
 -2.186320221794514 2.174645881447164 -2.408016505162719
 2.822070296182997 -2.867258000674179 -0.265204228686928



# name: <cell-element>
# type: matrix
# rows: 9
# columns: 7
 -0.02109227545871474 0.1504326555952601 -0.9758044956997202 0.4488054903510321 1.459517666760822 0.2292941315335884 -1.362397177730075
 0.1791690251785013 2.137265588295451 1.403977391275139 -0.8870986933336718 -0.146990071649243 -0.9165326213160623 1.334133031023542
 0.2880183694151534 -0.6100329091790109 -0.5858346184025959 0.2040233256049974 0.01348450556736887 1.061975258964505 -0.4580315828137612
 -0.01733550966206438 0.7787901966354422 0.3378172519691244 0.01182871026189434 0.1837785087904691 -0.5778742530484869 0.2365872036140934
 0.05369714727599307 2.582401616062215 0.9317485466242883 -0.3359540575197623 0.7361000429627764 -1.016213075920227 -0.2254207730094439
 -0.07867274320069186 0.1931952815428916 0.2167885449967729 0.0516789412073878 -2.181726042134892 3.124147093816937 1.449068958907841
 -0.001096695523573303 0.6948362242464197 0.8633818433654232 0.0162983726094421 0.2708934200927643 -1.273320712459235 0.7856597006676342
 0.1634939315009947 -0.2179074069937659 -1.435944550825525 0.6562138192281005 0.4660700531845252 -0.1430091806360003 0.4531389159241869
 -0.5272690266561305 0.8544183373694384 0.3113601296584743 -0.1914032864737397 -0.5251575249070779 -1.89193416863999 2.198698715011536



# name: <cell-element>
# type: matrix
# rows: 1
# columns: 10
 -1.841569175816812 -1.554861235079988 0.3280487770437692 -0.1550812560433107 1.471002378103409 -1.889016385669863 -0.5406214606992563 -1.392517564786421 -0.7739036851147294 0.6414799455278427





