# Created by Octave 4.0.0, Wed Nov 11 03:22:07 2015 ART <mariavictoriamesaalcorta@Marias-MacBook-Pro.local>
# name: m
# type: scalar struct
# ndims: 2
 1 1
# length: 10
# name: iterError
# type: matrix
# rows: 0
# columns: 0


# name: epocsError
# type: matrix
# rows: 1
# columns: 200
 0.4609004993320691 0.5113751188650948 0.4474368044003916 0.4424774075927424 0.4531886196388848 0.5076291603212177 0.4923341285118064 0.4400479638426106 0.4750267956507147 0.4455372155322477 0.4511395979573132 0.4352087892106666 0.4355017551745582 0.4350398842164708 0.4509066980008528 0.4224321422255517 0.4365563429205886 0.4119970835613598 0.4363515332291826 0.3938985167035535 0.3912141492808174 0.4954496841957249 0.4180675949977834 0.4560302402581162 0.35862159996383 0.3212218614993871 0.3362179774554934 0.2527444097390358 0.2228835682991952 0.1995901550518091 0.1592153043960052 0.05615498969519825 0.05966483404859073 0.07041107745895399 0.02857471548007133 0.03070225404346321 0.0328073853312817 0.03061832804097995 0.02986837189149043 0.02776873688012048 0.0283152658170522 0.02305950371605753 0.06403421021320045 0.03723560685091718 0.03407624552640456 0.02792081054195296 0.0291663800761901 0.03481989149268351 0.02616656457009279 0.02087784479697313 0.04429323982901302 0.03984335496001325 0.01920280833672188 0.0199444475026998 0.01949390415652788 0.02813830175117145 0.03071137374931093 0.04808382671565969 0.02116256814774319 0.02158401795679039 0.02765558929249584 0.05519841445011073 0.01654634236293651 0.02657719630368918 0.05468736074154743 0.01787444839320265 0.01651355668885796 0.02074558887006911 0.01682722679228092 0.02644158154772033 0.03916490813289803 0.01724723471998986 0.0157157556526964 0.02746945106171249 0.0178860937178762 0.03984896376182076 0.01324119084702878 0.0121429082487117 0.02394730470460404 0.0143857382438524 0.01923380376465346 0.01591354180605341 0.02198660895565576 0.01611738148187076 0.01733747253714123 0.01150571893694163 0.01062309641245427 0.01392365516611785 0.0100314169646431 0.01447098422043514 0.01036393421376543 0.01083328602795222 0.0170974291037318 0.01126192920865564 0.007914601757399144 0.009577669911028566 0.01108932760282949 0.008617964617386713 0.01959453375828878 0.01335726075070848 0.009950762805503017 0.01611754181887485 0.00736250536803367 0.02245489385402142 0.0105155805282796 0.0147881073370315 0.01213361998626251 0.01111082529493323 0.00791523123679528 0.01497144688834996 0.01031414547440385 0.01232721309883618 0.01385820091391786 0.009140522174708808 0.01124593639237799 0.01718833471095983 0.009102082775138153 0.005727732457304767 0.01050612523465302 0.008301458654040684 0.01471415412888109 0.01799767804931196 0.009193942560803988 0.00858123207801796 0.00967925822991708 0.009435981484465318 0.004740128852815563 0.0134792726612076 0.008930371736305181 0.010834544463719 0.01301495291833286 0.007266041034154977 0.005981077660723246 0.006796109460856414 0.007406947077059039 0.005857489609749088 0.02217493103609863 0.009595878423927888 0.007040928371094643 0.004244110164311858 0.009375071267082683 0.00683824421882293 0.007528933070024154 0.006634079159916988 0.01090380001695736 0.00514637951542279 0.00673827633198061 0.00594091206631106 0.01527849197677478 0.00647407204381294 0.01013927357039819 0.004980692322025548 0.007120335722756083 0.007363429951731133 0.008840206217006309 0.008527249751463368 0.003873483745769302 0.009418932092076136 0.008333966710020558 0.004816966402491358 0.006883270655158424 0.006058621005487635 0.007322384543819779 0.005074844518617094 0.005296787348806422 0.002569870057901241 0.006892487533322862 0.005262146634946977 0.003276959306890164 0.003876310909796294 0.006880850625047918 0.008224029170160326 0.01592589416568502 0.003638782735068933 0.004028336384109217 0.00566562268736335 0.007983195357314891 0.009791907024801502 0.007555062141599208 0.00446815869066723 0.01514020038843543 0.004536024215778529 0.004908821831544105 0.004794981921403809 0.004087111843577262 0.01052320422719228 0.005484223082484233 0.008257526135381171 0.002958523069802049 0.002697278002402247 0.003625087903313499 0.003153145482577331 0.004219139212126026 0.008066917582264297 0.008216276939858489 0.004320835008806798 0.007108400629047162 0.004224381325982127 0.006655029965854717 0.008079250104031177


# name: iter
# type: scalar
0


# name: epocs
# type: scalar
200


# name: eta
# type: scalar
0.08


# name: w
# type: cell
# rows: 1
# columns: 3
# name: <cell-element>
# type: matrix
# rows: 10
# columns: 3
 1.427675309956631 -1.337023872185772 -2.166624438996999
 0.7718979106792893 -0.7769260872659859 -0.1386470543333954
 -1.040215950805072 0.8858914408457306 -1.607723734454275
 2.781675702480586 -2.778291075373246 -2.946336067052746
 -1.586977301099931 1.650291567748825 2.597600618568483
 0.8342885872733129 -0.6210748785761426 -0.07098773087551449
 3.610564829829583 -3.607689762484775 0.479561917642616
 -0.5694592359321151 0.6008745074524413 0.02273533042877334
 -2.770401353290743 2.755360623699333 2.117117366359987
 -2.391480323193432 2.489164515985634 -2.545696522177585



# name: <cell-element>
# type: matrix
# rows: 6
# columns: 11
 0.3950361747038384 -0.02808039398876378 -0.09972423829006986 -1.209630342948764 -0.3679737396003872 0.3065336356712304 0.1413766467759982 0.5587858997817093 1.007728932859744 -0.1879474200572076 -0.1623503413761931
 0.1336132608136706 0.111038659440069 0.2037781035156515 -0.1980784082865434 0.01404578796831069 0.3387823259513822 0.04124540490649455 0.222529997470885 0.1217399498078548 -0.06081893729225885 0.04511949096191194
 -0.8443326039012944 0.2402762543651386 0.870794005990433 1.080482359857142 1.254695069085438 0.2367726880240334 0.2893389353728217 0.2003990980566622 -1.20356878720112 1.009328360360218 -0.2150363606512682
 0.05189082830442607 0.004470484104586601 0.4640418319762284 -0.5028943939739225 -0.1045534151662521 -0.1974709355947989 -1.496209077812682 -0.006760454330464936 0.4075951902153143 2.090478773885077 -0.06267429141352146
 -1.344086425731828 -1.075687650531841 1.019880749654648 3.457515920319965 1.40319829531069 -1.177466386656399 -1.089753575221493 0.8361675473239717 -2.563498015384921 1.232977689196974 -0.1915303188054778
 -0.4617164703267688 -0.06885993803155803 1.099679006613093 -0.5952353412803227 0.5601390117545866 -0.02257391462878143 -1.493643510128051 0.08349114819337583 1.792503762189044 1.160386624512863 0.5001230418233952



# name: <cell-element>
# type: matrix
# rows: 1
# columns: 7
 0.4131601559062511 -0.001683135990631816 -0.7065805857537591 1.640929367829296 -1.097892324361995 -1.711119663850658 -0.4595701453251174





