# Created by Octave 4.0.0, Wed Nov 11 04:19:32 2015 ART <mariavictoriamesaalcorta@Marias-MacBook-Pro.local>
# name: m
# type: scalar struct
# ndims: 2
 1 1
# length: 10
# name: iterError
# type: matrix
# rows: 0
# columns: 0


# name: epocsError
# type: matrix
# rows: 1
# columns: 200
 0.5486276541059092 0.4438975553181734 0.488468121508311 0.4387783604138217 0.4400344966233291 0.5725441371932438 0.4781712817259375 0.4843203535576964 0.4828089327150397 0.5010821491904082 0.4247151087254147 0.4165584446121802 0.2989106035086669 0.2762568487457269 0.193246432318438 0.2601271533016836 0.2858637300772774 0.2033022345399934 0.1292045968649145 0.09659430029524334 0.06908556015970681 0.04946341223281363 0.03283344269521928 0.03415467790759244 0.02726439822887051 0.02491797359654918 0.0271686909455352 0.02485040773503099 0.02745944676226809 0.02568617351828507 0.04019794842702673 0.02370710660263234 0.02531709767378474 0.01924969543057568 0.0179927437271417 0.01941904550583374 0.03499380345249875 0.01666560799300593 0.02004701953794065 0.01703819058449519 0.01704502365785533 0.01222742198028944 0.01130176577485855 0.01770214766201724 0.01645300621270029 0.007510090831620296 0.02217685765553103 0.02311999991158416 0.007679897699472497 0.01439287190669704 0.007403976109350899 0.005540127808158369 0.005690841681081518 0.006364258667108011 0.005424523763560643 0.008115788055275979 0.003157544028956511 0.004015054197147188 0.03979005242377967 0.005382612812655782 0.004831757786385431 0.003736410045662686 0.004403660799211825 0.01232630616169772 0.009270843339889907 0.003465381662012171 0.006135902106571615 0.00686442407202375 0.004040196523922056 0.005667081682305139 0.006169631384976647 0.003217644851639548 0.003936658723389825 0.003968735788599875 0.008099251995594045 0.004238116323613657 0.003576459947041795 0.003632409649370439 0.003141322212280496 0.003586581253380064 0.003821702264540934 0.002330525463500937 0.002258207613928614 0.002893448033274304 0.003613626483385399 0.003452489442709385 0.002248282568203537 0.002005035267240991 0.002435142428419884 0.00431512387783457 0.0154081124033909 0.004651449760817839 0.001847750885652191 0.002234335642165219 0.002676984345423169 0.00392000886224875 0.004434191694791384 0.004748303914993747 0.002806034800655382 0.004022008591071969 0.001639930934391641 0.0035042257236421 0.002807482188901884 0.002225014811476444 0.005406997126620723 0.001908662226165905 0.006681455392943723 0.01709363191975896 0.003756207921566774 0.001629346686675558 0.001857670971970917 0.002141273882582774 0.002156750535151423 0.002026575485361361 0.001662435384753956 0.002186302878772094 0.001633195765806325 0.00201295305037717 0.001973276484214683 0.004592176381220729 0.001789389977667021 0.001904907588140776 0.01437172117235343 0.003242923560563894 0.004453284918588481 0.002562873724369538 0.008274322048047006 0.00180255114476729 0.002170642702797585 0.001986726650735878 0.001813445766953796 0.001760029636791927 0.003683444670664656 0.002835994719108892 0.002740305250937362 0.005341001616766601 0.002477146594084245 0.002409349207992021 0.004365506575754134 0.00607972399274748 0.007616992026987614 0.001333770932838778 0.00260837057892267 0.001652893021600286 0.004075508813426671 0.002145850401626143 0.001810305358057802 0.001452856711158717 0.002623556750323203 0.002860726374572025 0.002997209762071112 0.001932038853303536 0.001419503092322825 0.001404970916435356 0.003236017943078368 0.001809217528655125 0.003278510251892732 0.002221887741556017 0.001940977372924804 0.001649804400878747 0.001537393015107834 0.001276478164119044 0.001904395675489133 0.003796270354049449 0.002449045730088292 0.003062218940143407 0.002532685961476955 0.001458344285686305 0.002053972813052556 0.001721167161883174 0.002690921665100227 0.002518212617967976 0.00285895474129831 0.001693289903494329 0.003924212851171657 0.002109114849587117 0.001614502259918517 0.001734116695624426 0.001653029025515259 0.001802365201810303 0.001737173069854759 0.003112176780750193 0.001298188291888748 0.001326333934967022 0.001541321742619835 0.001811062044518123 0.002946051877998028 0.001538765411089783 0.001407314990960698 0.005423055950645889 0.002620825762938473 0.003149033539831757 0.007682093363620234 0.004470978958810485 0.002727499512553214 0.001433419387675063 0.001322469482571344 0.001892994895834112 0.00190549114652477 0.002111595376485111


# name: iter
# type: scalar
0


# name: epocs
# type: scalar
200


# name: eta
# type: scalar
0.08


# name: w
# type: cell
# rows: 1
# columns: 3
# name: <cell-element>
# type: matrix
# rows: 6
# columns: 3
 1.224065168945552 -0.9499982496810161 -1.069106295942211
 1.428356349458597 -1.227634537832125 0.897465109986769
 -4.132274669595969 4.092078993749221 -1.730888030623465
 -1.328011895182051 1.435552483143729 0.3769357390143538
 1.4445264269149 -1.613260249630523 -1.962839162552183
 1.048392181623552 -1.260059588070428 1.027142209823418



# name: <cell-element>
# type: matrix
# rows: 9
# columns: 7
 1.295208638138855 0.1666047580665923 0.8524741970367389 -0.8220006066961818 2.29291598970908 0.1771694925330816 -0.5744663172075889
 0.3479033407401983 -1.31314681938824 1.379091639547168 0.1123708512820948 -0.02088766478342258 -1.475145494640925 -0.8416064721371013
 -0.7261590888142533 0.225409078958367 -0.549399178701634 0.4246734749018473 -0.9666283444682574 0.271969391180636 0.1354665688271766
 1.195443896061899 0.7489648470230993 0.2315599887218356 -1.191626180976365 1.742311881420095 0.8599267426798981 0.3965835316529084
 -0.01723438503309137 0.2676710746634399 0.3430100973346389 -0.0129917643023089 -0.02331651395910038 0.2547691170364077 -0.1529693522409602
 1.260129673604517 -0.3245967879389665 0.7679724227213822 -0.2441147453653691 2.094334880888925 -0.2331703225427689 -0.7769609273404713
 1.465292011077503 0.3276829851523763 0.3426107355933332 -1.177046499182209 2.370335782062959 0.9660341816742645 0.2008552864644684
 -0.2055721492753309 0.2247228058785746 0.1444215197471013 0.03689145638817891 -0.1655678429914816 0.122071958474503 -0.2383659162232399
 0.5602645420788231 2.032984016136564 2.527322625575378 -1.187303494170656 0.7922552092487244 1.418542924088657 1.947352015159427



# name: <cell-element>
# type: matrix
# rows: 1
# columns: 10
 -1.51350851985912 1.046978848845511 -0.607416900251046 1.523130962972984 0.1301321484297275 1.486335177547668 -1.503601848376397 0.01289697142844348 1.869544751263694 -0.2999738311793216





