# Created by Octave 4.0.0, Wed Nov 11 10:42:03 2015 ART <mariavictoriamesaalcorta@Marias-MacBook-Pro.local>
# name: m
# type: scalar struct
# ndims: 2
 1 1
# length: 10
# name: iterError
# type: matrix
# rows: 0
# columns: 0


# name: epocsError
# type: matrix
# rows: 1
# columns: 200
 0.4277680047778026 0.4478450045426 0.426394858235837 0.4247354077309009 0.4356922922754624 0.4752120329223129 0.4246305657453199 0.4479686491523907 0.425585722900815 0.4066718045728744 0.3888465835947252 0.3539655885221698 0.289282927782955 0.2520332492332972 0.2007360651035819 0.1655689494644885 0.1106740320816316 0.06317238606150961 0.048037271127199 0.03502975909095617 0.04607086000406662 0.02841643844194537 0.04186734223519262 0.04511912352469665 0.03120821962499582 0.02737452497967785 0.05797598123791617 0.02670926198721336 0.02423660264992653 0.02404952523520271 0.0228311446033845 0.07916490979489366 0.02502959508983558 0.02730701423883945 0.02707826146420872 0.02044154203388006 0.02812414216793773 0.01700652464525564 0.02164326495819222 0.0176436288865985 0.02466616124024355 0.007060398723760775 0.01535144685242078 0.008877760655952511 0.01542404725652451 0.0104038456504656 0.01377501082403582 0.009104165201832666 0.01368471261139895 0.009525318387574772 0.007128517148637646 0.008773241591805106 0.006664667601467437 0.005125484734194776 0.007910252156192173 0.005682996848698766 0.018404426752691 0.008370043765626823 0.005579574396832911 0.009970036024172828 0.01077527641709395 0.004248651260334474 0.00654616192566307 0.01069418025122731 0.005125310358466928 0.009220850801989866 0.006891211355797921 0.00438712281426171 0.009076996373214229 0.008884951837791935 0.007586046864362373 0.005847452813227383 0.007005429689240492 0.003976283300243529 0.01024222499490857 0.005821622800543038 0.00986344960266358 0.003730172463807297 0.003949825679545562 0.005753567057375191 0.0047205316617922 0.007569233710067346 0.009264471992852233 0.006687541439898249 0.01464467937976846 0.007677899502652714 0.004394221063184623 0.01027660837815728 0.004319885305771588 0.01113883491651824 0.005794711457027281 0.003185585518264681 0.01072683417845735 0.00645123963086197 0.003345273239523021 0.00360490441645543 0.003690510281200396 0.006444464902046075 0.005317307304133227 0.004367160113609011 0.003441154608290148 0.003982240521948671 0.006547276061327859 0.00495960112473979 0.003059951865886742 0.004894154141211704 0.007327845968774312 0.004735571985247724 0.003646953093313336 0.00481602717732991 0.00408168345424334 0.005027491678546178 0.008339593627122749 0.006350896315225034 0.005094427558848208 0.004951991024795779 0.003119741322558054 0.002969570502976338 0.007454194449753384 0.005736712711684193 0.005734671251513021 0.003813386454120655 0.005039778962517888 0.00334223566261276 0.002546053900389211 0.002998472143422652 0.004306094912350499 0.004455022877528715 0.005480280806238624 0.006111199884334192 0.005835386483110863 0.008131138131824174 0.0101094457532798 0.003744766769252391 0.00405390058075429 0.003406915404111443 0.005717547635266624 0.005322469040191952 0.003296606961163923 0.003837192421607897 0.004840415233576533 0.00267501620517103 0.00288765483985432 0.006466896287445073 0.003692291404436691 0.004360041542231581 0.004781525454484208 0.003767872467601325 0.003014762303595044 0.003345477239604633 0.00407032808150011 0.004568751983340843 0.006437165448492626 0.003768214884876882 0.003488944267319794 0.004033576016938584 0.00336895933150904 0.002865388578069782 0.004490394859777835 0.003633010803358878 0.006459931425280694 0.003968547115340116 0.003592792044436058 0.003053139932488796 0.00417317582758877 0.002907415145180578 0.006366927737749257 0.002481749782265353 0.003597750590306948 0.003070036952353988 0.01098110716623151 0.006789649802080374 0.002799634373979685 0.002270935933395336 0.002840253959527085 0.002670855575929253 0.002626984947676078 0.004321634961577871 0.004562327101886646 0.003393398469278119 0.008032049295211331 0.001896888312730058 0.002827972483617583 0.004388832026373663 0.003000276264340581 0.003077158426726229 0.00349357430837622 0.004521975352590325 0.005917693886025617 0.004298994723317287 0.00307868641606228 0.002381133693989093 0.00275117779297555 0.002983675843499684 0.004706156066731602 0.002646995702375184 0.003091596868110517 0.004387406958952541 0.002693627773770985 0.001881630486606289


# name: iter
# type: scalar
0


# name: epocs
# type: scalar
200


# name: eta
# type: scalar
0.08


# name: w
# type: cell
# rows: 1
# columns: 3
# name: <cell-element>
# type: matrix
# rows: 6
# columns: 3
 -3.777664268740004 3.764419214787613 -2.462835939345482
 -1.883154590901256 1.885740813112641 -2.293153171086433
 1.301015039704313 -1.294979614369962 0.7838871803502279
 2.276299593161586 -2.24586285387704 -1.372672753231355
 -2.366609593447957 2.411591938604301 -0.5227775209309334
 1.965104162986755 -2.058685429604484 -3.306276904610231



# name: <cell-element>
# type: matrix
# rows: 9
# columns: 7
 2.032226807089479 0.1577975933526098 -1.292971108847949 -0.5058437319479521 1.882812727957869 -0.8098388501196733 0.6609347346083504
 0.09771676197119553 0.136807331732383 0.06325061577499609 0.0994355664906857 0.1084636363235857 0.1902508079491598 0.3298698847477831
 0.3286527946190512 0.0839172550910591 0.4747898437725206 0.1233098362523696 -0.4770004669591764 -0.04603339945983485 -0.03536118252451412
 0.06868843452250503 0.01838880210569542 0.1463352053090316 -0.02002225786325541 0.3267273779604007 0.1881842081677879 0.2268627727237936
 0.241641660645004 0.1203217392696277 0.3981451730459297 0.1593894697885705 0.1413546124618153 0.07080659120881687 0.1764700785449637
 0.828704436170819 0.1536147040913132 0.1873580976651332 0.46018091107371 -0.3505025778386121 2.66407354547628 -0.1159382777214117
 0.1973244094810398 0.2981026757115046 0.857224992327332 1.654596175967595 -0.1034659777647257 2.209952905673266 0.1619783275398828
 1.579035288038602 -1.595277436710554 0.5885757314101631 0.5119731901029956 -0.5567652080314921 0.2617452064441365 0.8532405555219256
 2.564966209905155 -1.715526295954626 1.183249531751785 0.9898361050283481 -1.214458465764306 1.699271072483048 1.174211310270883



# name: <cell-element>
# type: matrix
# rows: 1
# columns: 10
 0.9399006179896506 -0.07392244430593047 0.2596165325692968 -0.1248829690851013 -0.02388497104146758 1.091616214053591 -1.793989316807681 1.174464766386837 1.407533858153883 -0.6831352359653478





