# Created by Octave 4.0.0, Wed Nov 11 03:39:58 2015 ART <mariavictoriamesaalcorta@Marias-MacBook-Pro.local>
# name: m
# type: scalar struct
# ndims: 2
 1 1
# length: 10
# name: iterError
# type: matrix
# rows: 0
# columns: 0


# name: epocsError
# type: matrix
# rows: 1
# columns: 200
 0.5058885148715242 0.4846079049708538 0.4188490022236344 0.4270540550057726 0.4203295283157724 0.4778247723911108 0.4330614535346628 0.4057475379257867 0.408082705124249 0.488866425354499 0.496052780606229 0.4444495721193422 0.406001134965553 0.4283777717000609 0.3966274412535095 0.3857534220650144 0.4973154410094965 0.4307435978778762 0.4211353885701114 0.4645316124487317 0.3917627449136846 0.3721133042167213 0.4187644606404065 0.4000922451638196 0.4028668040591259 0.4287027358767661 0.3712059057311166 0.3436089488047628 0.2565535041163971 0.1700828241849709 0.1356349700613041 0.1314629613226912 0.1077257102526413 0.1184522621513864 0.07872122431397863 0.06537744796702839 0.08450153528278545 0.06427090288951549 0.06389060045019952 0.05370267434276584 0.05577638259687143 0.07406034617076737 0.05394383586545121 0.05058667918669901 0.04983742349269887 0.0519759390053605 0.05571753444294435 0.07753299715352345 0.04637613039847376 0.05134176531662787 0.04075785602047971 0.03510280777488294 0.0530372591127953 0.0571842568143504 0.05559341544984118 0.04742717812448023 0.1212679871652333 0.03396857894656666 0.02796046421563492 0.02089012843785248 0.03466901597460968 0.04073440346257389 0.02727767067239255 0.03153991402351163 0.03453719843731315 0.02539872525170181 0.02130336018883063 0.04790296421837406 0.02455812987799576 0.01728383326700494 0.02050949053174796 0.02291417954658742 0.02055005363942774 0.02365502470665153 0.01872279509989916 0.01630220061819992 0.02029640820254729 0.01627232723824991 0.01370934039050165 0.02333221527296338 0.02318878542939943 0.01161601217574332 0.01277938445756215 0.02358170776934828 0.01103285125696902 0.01611221200818319 0.0115870830789034 0.009445054210209051 0.01117761896180131 0.008779878269851035 0.0159591917681253 0.009786258385592475 0.009453291918231209 0.01365846718671724 0.01597789595414717 0.01874449550667478 0.01387197889575468 0.01892121347665246 0.01286288044072198 0.008874715498078094 0.02097845991894217 0.008689374895034421 0.0236084010255505 0.009971876612595286 0.01671333766881419 0.01262976005780748 0.01080353509587019 0.007503473660539868 0.00757615867308625 0.0175627237524652 0.009992669663297175 0.008780931461003075 0.00842545816001255 0.008445710514206915 0.005738614640986628 0.008429785774853871 0.01028384858318464 0.006307815093551806 0.01279040904001269 0.005526444127851926 0.01077331167667769 0.00783177314508769 0.005558286294101492 0.01297767761067872 0.01685168457258756 0.00681924590646045 0.007200292444518305 0.006129240395162821 0.006631223682927583 0.007541384764526274 0.006554326656978014 0.005503099093391741 0.004590296635344169 0.008158297186117724 0.005794616401222415 0.00927286735692873 0.006603725745428395 0.006868072975833282 0.004774343000065094 0.005439872169466423 0.00811276174884832 0.006299193697785146 0.007050050613194816 0.005046911425369046 0.007736001538503706 0.005493859955629517 0.005046550719731275 0.005653565239282679 0.004170819177487683 0.004689067768485002 0.004149537357466746 0.007372533351086985 0.003576607420165535 0.007187766659876839 0.004628814606814543 0.004296569479997911 0.009363582658984406 0.01111237181628995 0.003907787385347573 0.003868944983578434 0.006285392127518919 0.005186752612538281 0.003769537347586128 0.005269651559964832 0.003680787833748703 0.004728810978412949 0.004023903772151105 0.004200332415702334 0.003683141400441631 0.004291392817347361 0.005153610502226852 0.004230276449455925 0.004468583179891166 0.003105230450321046 0.006166146574788554 0.004406112626745265 0.003959047094720662 0.003768274189081085 0.00336729552962601 0.007124760937422295 0.007069009749631314 0.004891063358888132 0.004904457884112983 0.004395302328273923 0.005096603303005262 0.003252799147990661 0.003577794554212382 0.004324499240080158 0.002633868191694418 0.007453613607809943 0.002873750802751734 0.004662974048106023 0.003614464949754597 0.0053306719958287 0.003109877188548078 0.002975232440524655 0.005786607445851934 0.003268457386371134 0.004616261699317429 0.00315354889602904


# name: iter
# type: scalar
0


# name: epocs
# type: scalar
200


# name: eta
# type: scalar
0.08


# name: w
# type: cell
# rows: 1
# columns: 3
# name: <cell-element>
# type: matrix
# rows: 10
# columns: 3
 4.239165260580753 -3.314630401434318 -1.076762007642724
 -0.7297818781463796 0.04611726825894159 -0.1160551434839964
 1.2129529870226 1.837177214682985 0.8855540450152485
 1.835720328222485 0.7706766864446222 -0.5852667924475571
 2.432585840437463 -3.017620346841972 1.590219710983853
 -0.4390673343048633 2.116221492959995 1.484114830700709
 -1.045219327826297 0.2537840676142313 0.6234215845284516
 1.537849624810709 -1.604236141895671 1.833027462075909
 3.744067762346754 -0.3452323238004277 0.2121498790607462
 1.650406748176938 -0.6539434949274713 1.0822861265466



# name: <cell-element>
# type: matrix
# rows: 6
# columns: 11
 1.281107227190164 -0.5046056409833553 0.7684697627042193 -0.1549958850762659 -1.664852953678192 -1.82670231099267 -0.3177936962152583 1.359728477559689 -0.5486123043198349 1.44404370364598 1.705601421721923
 1.599486358752944 0.868394211965513 0.04609159634162462 -1.253879223999212 0.6996664588730914 3.328486127238504 0.7690933226477851 1.326434796357382 1.525521490853434 0.5373431310041747 -2.633292989708843
 2.77603806078732 0.7227258939972226 -1.072263003161615 -0.5843517515753807 -0.7539435796366813 3.169642589844937 0.2518712883234972 0.6377784099277225 -1.124211678994483 -0.1029096872817585 -2.304460371753619
 -0.4040736894017588 0.7358753387264284 1.203978470388194 -0.1459596969985879 -0.01078469756432856 -1.461318646281946 0.09724834399529399 -1.286239171085369 -1.020940019407308 -0.7062599536370503 -0.6851266582769687
 1.641361628083622 0.7212832074644447 -0.3210097117079843 -1.231217926036506 -1.242693116345065 2.880287342549253 1.144365474579671 0.1868905646953515 0.5783607110513093 0.7103928728864178 -1.036993882438936
 0.3540517078763745 -0.0486876659448657 -0.1863519457970395 0.08521224415932785 -0.2494240704872932 0.2232535463097801 0.2993237754442357 0.009286786642451703 0.4967241458750827 -0.06666144856263517 0.0089092473118913



# name: <cell-element>
# type: matrix
# rows: 1
# columns: 7
 1.264977739240817 -1.237395767273656 1.223030276287411 -1.360665508687543 1.054034454495175 0.1758327522810123 -1.102544215930855





