# Created by Octave 4.0.0, Wed Nov 11 03:12:46 2015 ART <mariavictoriamesaalcorta@Marias-MacBook-Pro.local>
# name: m
# type: scalar struct
# ndims: 2
 1 1
# length: 10
# name: iterError
# type: matrix
# rows: 0
# columns: 0


# name: epocsError
# type: matrix
# rows: 1
# columns: 200
 0.4571128347025465 0.4287196605000666 0.4521227428741404 0.4440162258190229 0.4302896425340408 0.6061322489135456 0.4268097885923307 0.4234130132006709 0.4212546105510844 0.4448297480315103 0.4364401362580578 0.4317903729073232 0.4333409990818915 0.4205711333224625 0.4511426891254757 0.4382518735671437 0.4263162876832403 0.4413733638065254 0.414824925486926 0.4190135386704164 0.4129248559685103 0.410670104831319 0.4317356399304243 0.412972240969623 0.466388049119622 0.4109235049651261 0.4932564088926374 0.450318995693075 0.4002661325674999 0.4113700988650359 0.4096688923601339 0.4026853799347176 0.3886661894594999 0.4022921310538545 0.3658140257982784 0.3480179468982166 0.3525538576294582 0.2567081923605566 0.2937051780234942 0.2129958774934496 0.05034686049287802 0.05249630676739026 0.03198100859896831 0.07250740232476736 0.08122504273364456 0.02815988401123168 0.0511090299098577 0.08029941908961337 0.02758837048387948 0.02431035125402238 0.03058609014068749 0.02278183592318191 0.02760367221263032 0.02860172815332415 0.05630428892620889 0.02139776265745894 0.02292822228810561 0.02476671063114009 0.0282157421862385 0.02490008514235615 0.01834894017807371 0.02110898222045381 0.01858437480067567 0.01560335315623473 0.02052010091567191 0.01762895748508643 0.01725636215573376 0.02001011927249369 0.03178867963940476 0.01551411375312907 0.01964627194295727 0.01631052039320114 0.01607918703440059 0.02347582233254781 0.02575857477488095 0.01568994093878472 0.02234640071839369 0.01285772808154875 0.01420007998916469 0.01046211139364812 0.02406192014939219 0.01049197539222501 0.01040095102030833 0.009473442624296542 0.01566655596874001 0.01568581524402907 0.01239421179346331 0.009127343612471205 0.02016899677647169 0.009624908650959555 0.01001614270494746 0.01020414515780951 0.01638427794546516 0.0112958133527997 0.00905855649337392 0.009443739886667395 0.01355027395588709 0.008881180994266324 0.009040146350118653 0.0180742478550235 0.01285716150407947 0.01514105285317823 0.007899214238213674 0.01092644523390799 0.007284948633572573 0.01259374456653213 0.009253506620992108 0.01399647085150419 0.007214241869963357 0.007031658078146058 0.007955541942632637 0.008409635280395575 0.00721048467357544 0.008163031865555417 0.01673178861910714 0.008064018528293177 0.009689410306379228 0.009139111396148312 0.005438884350567415 0.008492515192366587 0.01199968243224171 0.01245900641470228 0.006029628687879028 0.006348180503576059 0.007257013824866511 0.008716979966255265 0.005780131818894405 0.006883132169559294 0.00517433656880413 0.01122150757451434 0.005758054677487124 0.007202078882172074 0.009933898722544047 0.005806269547088082 0.006377409933362054 0.008128635403058649 0.00443800061473606 0.007531572176176824 0.007637595559871706 0.005508411246017474 0.006891964379303087 0.004572763895327374 0.004592458790909017 0.008517483706793342 0.008784324328711469 0.005777880540129787 0.004218994422816029 0.004253212510918604 0.005166010885419106 0.007087354088358892 0.006090718329230671 0.004640914146084685 0.005404458315875685 0.008918543725267229 0.004566021043079702 0.005256043711508916 0.007099407807053784 0.003967061773108932 0.005980884077423422 0.009187076045797047 0.007050852077840141 0.005051488556013385 0.002915941652836532 0.00590575111973923 0.003577369990444274 0.005701960206633236 0.009619681314016597 0.004095908681273128 0.006624832742068606 0.01161807754280079 0.003359639081313317 0.005481060213043869 0.002922155135539822 0.004076061658519409 0.007697477782278988 0.003668354504517888 0.002311349150664741 0.008300377685590854 0.008450873244977262 0.003467917869988425 0.002342733582015363 0.002898959274271602 0.002921186335781728 0.005904509000385113 0.004043775937138084 0.003397421834060522 0.002499150476592222 0.003800122293646673 0.002864969066248601 0.002128909683554123 0.002664249495445754 0.009770034903477321 0.007882948056895621 0.002285582111526274 0.003402101174445768 0.001738203813976441 0.002698164600643542 0.002311022373236665 0.002317020821228727 0.01330793529249701


# name: iter
# type: scalar
0


# name: epocs
# type: scalar
200


# name: eta
# type: scalar
0.08


# name: w
# type: cell
# rows: 1
# columns: 3
# name: <cell-element>
# type: matrix
# rows: 9
# columns: 3
 1.542503687388046 -1.659934701123136 1.250685838347361
 -1.486570634486364 1.182070109446331 -0.9254890568236243
 3.578510247981408 -3.628764248983913 -0.3656351296174836
 2.985392619974632 -2.815716730676274 -2.882474432578572
 0.7107878602149917 -1.549369745403117 -1.526869827692702
 -2.513290217715016 3.087062251271556 2.009304747581392
 -0.8780467871106549 1.053160886312608 -0.4641763190260894
 -1.424485968095442 0.6827635780421104 1.465898359000057
 1.038138883526649 -0.9318175293578019 -1.11912613391781



# name: <cell-element>
# type: matrix
# rows: 13
# columns: 10
 -0.2777834982191286 0.3414760171975856 0.7226679772530143 -0.02094947357114948 0.08432240571826075 0.1358629778230041 0.1965503403011778 0.3861488448975914 0.1489078256654806 0.3604881602249342
 0.1684031738955303 0.223850318935756 0.2744318313223383 -0.248518042834745 0.852884427504533 0.4769942892743272 0.2046662033274325 -0.3623989453613934 0.8058289479533834 -0.3289316415307387
 -1.50962008217884 1.115896425092073 0.6517861231965408 0.691004288158411 -0.2252675306879771 0.002060125001903309 0.8627697891510234 0.6394531808336116 0.005977272253738765 0.3601462500313858
 1.391983234625688 -1.639060405157898 0.5966528034561788 -3.646506833630127 1.319999409298329 2.958528081903552 -1.268150380465535 -1.473343747642589 1.360695325682671 0.6604574881021609
 0.1176315818067 -0.029583461970074 0.04121854295325003 -0.1711394653950297 0.3528316091176493 0.257322756101066 -0.02257209274257042 -0.04814116098493034 0.07821680171201965 -0.07600126472935247
 0.06873675173226568 0.06643008330735574 0.3392317640760812 -0.07297924833508099 0.1340514116662835 0.1584659723505474 0.3194286112209633 -0.02085793628538505 0.02718644484240092 0.1225327252671147
 0.08172623549567362 0.1161204466030624 0.4026671354703277 -0.3132604721283817 0.1093902201711845 0.3323379471974306 -0.03655165352430861 -0.1731892275410884 0.1136019657816208 -0.0213227066158599
 -0.3422797291968062 0.2930524968724941 0.4092071533915893 0.03900912632329341 0.04615402028994078 -0.05193776511955286 0.4784028170420144 0.1948316836741971 0.185786770129669 0.7175690823424403
 -0.04042896133575353 0.1323810555930203 -0.1000407396008084 0.3238427179386892 0.2034953251815761 -0.09148240217726797 0.1796855794806983 0.4471641016448726 0.1571381678800581 0.1837754025028595
 1.654743529235286 -1.17539860687819 -1.745479162829179 1.671492312816768 0.5858714644853069 -0.2326220208124735 -0.9740790858500967 -0.1849148162075109 1.250047627007922 0.001087479434891368
 0.08086017510234919 0.3261482536400704 0.03341403343610077 0.2679261944354355 0.1793858255426823 0.1065423017880437 0.0832393042260397 0.2800902760131564 0.1511189954884562 0.1921679857428348
 0.3836523345253463 1.041965109789312 -0.5788285396465179 -0.9280040476635556 0.03058003340816689 0.9532838256282119 0.882205798010044 0.6570371019463425 -0.6801675940760344 -0.2017075290967502
 -0.0008759949143410774 0.3147372745061305 0.7546249060345823 0.02015741058252436 -0.1114048827033344 0.1665839839312195 0.455065201199271 0.01096284798889427 -0.04820218651465747 0.2996116453948964



# name: <cell-element>
# type: matrix
# rows: 1
# columns: 14
 -0.07806442018579815 0.5152835989164301 0.9333420399199316 1.691047650448909 0.03715906185818477 -0.01660116612282349 0.02198202900403748 0.04264309954824552 -0.04685479812483144 -1.643606743147763 -0.05350452250163189 -1.688084890422792 -0.06932901714236109 -0.2875147772806226





