# Created by Octave 4.0.0, Wed Nov 11 03:04:19 2015 ART <mariavictoriamesaalcorta@Marias-MacBook-Pro.local>
# name: m
# type: scalar struct
# ndims: 2
 1 1
# length: 10
# name: iterError
# type: matrix
# rows: 0
# columns: 0


# name: epocsError
# type: matrix
# rows: 1
# columns: 200
 0.4653540209415848 0.4758844120240029 0.506730674373712 0.4326382401608012 0.4322267985366359 0.4391603044986946 0.4283646182323028 0.4436493387663052 0.5303873349760065 0.4128469252426189 0.4597436074039225 0.4179346833596113 0.3968059918780588 0.3976748523631419 0.3734861201524659 0.3874936779260988 0.3962190819929536 0.3713527686103785 0.37892971411912 0.396636307434397 0.3780965288687309 0.3664090218960444 0.4007715782622224 0.3827782292509749 0.3684558373058885 0.3625525137511738 0.365314799700225 0.3850496833965878 0.4607445524655773 0.3599719802814593 0.3720338516243294 0.3600231255368372 0.3633099392167555 0.3713043783867273 0.4190400406592223 0.3738244551583029 0.3753057032545157 0.3741326755215944 0.3685727023375379 0.3686298458757656 0.4154769294504462 0.3649232245875526 0.4084327297150078 0.3724359266085674 0.360648273163255 0.3583441231655446 0.3653556472968045 0.3821218701303886 0.3903755045789092 0.4150905921460337 0.3685347861684232 0.3621897301569703 0.3577711869260314 0.3727054250621974 0.383957742793012 0.3808867464236724 0.403145153416909 0.3677100641499513 0.358588073341093 0.3582655862478454 0.3839297034120053 0.3571409860125432 0.365578798378757 0.368535652839659 0.3665203450361153 0.3576201886523015 0.3777522543386392 0.4383337080068727 0.395640352335929 0.3860465881392321 0.358130434651978 0.4071852563904996 0.3647317551860845 0.3564364496439551 0.4094562942432659 0.3704785704382372 0.3721254859349105 0.3618286782211592 0.3588644235384708 0.37873207491676 0.3964534747686786 0.3986402133131404 0.3888169094765292 0.3647974225179821 0.3792873818179661 0.3610396812356264 0.3618435198979502 0.381122492717697 0.3845672458444238 0.3672997310592063 0.371025660723493 0.357418851283874 0.3677816448669673 0.3719045793790838 0.3841158194456312 0.3611113829589759 0.4176117068596396 0.3540511307027033 0.3664496190989153 0.3411523981665553 0.3565290024951113 0.2927471069460866 0.2326579860870752 0.2481090902485086 0.1548340591809725 0.1930398298487967 0.1292977484102225 0.09213503574417906 0.07676548539985381 0.08115079378681253 0.07967123776466693 0.06965566595085429 0.05580266600855997 0.06576364235014175 0.07152282804582594 0.09880711628981727 0.06394571775760508 0.06414086237028177 0.05931496625758251 0.05156363864533034 0.05081610542297366 0.04743447392325118 0.05729837580727493 0.04573224816080976 0.05048968925333669 0.05675068214866392 0.05208980793232344 0.04039957105394357 0.04106566375577238 0.04538827448782413 0.0483435076109232 0.04440555236232757 0.06151135194102395 0.0550283490224995 0.0490344151492615 0.04643946407991828 0.06067979238836108 0.04097548923926574 0.0369645881937536 0.03930125246514599 0.03530136778204885 0.05489707841650323 0.03484806523907259 0.03286220315034204 0.02964048919378399 0.03709321669938056 0.02575357325110909 0.02346093854896401 0.02344863651893941 0.02306847227984286 0.02424401870887601 0.02129964974581776 0.02654608854327738 0.02282248498254631 0.01623280842322349 0.02073415517307956 0.01898106261885323 0.01748466438405203 0.018724691208883 0.0139927175051335 0.01495995973907132 0.03057499840881044 0.01640060523527931 0.01308553314933624 0.01208511375147821 0.01103563590626803 0.01106019718675624 0.009470367959382404 0.02463476202848896 0.01653513615632862 0.00886313674654376 0.0114003622498938 0.01011302233900283 0.01018102693739188 0.008252513584656694 0.009090469501739872 0.01305822424352328 0.01522672824051625 0.008945938690636512 0.01400877976037492 0.006290053472635127 0.006798193313920265 0.008328919703122223 0.008056893652064284 0.01590212700944134 0.01877184719720319 0.01059362071692008 0.006526632722803829 0.00618713265652205 0.00864929835413457 0.008284332058235745 0.01123067932226466 0.006937299627414046 0.008082192587295757 0.006995669360897071 0.008389274353554327 0.01342793881764796 0.01545141539504847 0.007831995975099384 0.03311280104104078


# name: iter
# type: scalar
0


# name: epocs
# type: scalar
200


# name: eta
# type: scalar
0.08


# name: w
# type: cell
# rows: 1
# columns: 3
# name: <cell-element>
# type: matrix
# rows: 9
# columns: 3
 -3.040624448268582 3.044325481619096 -1.408123287411427
 -0.5270085967686144 -1.838448235196643 -0.2764602289543835
 -3.391055095825582 0.4748842146251278 -1.721903049624572
 0.6043641716367006 -0.6045956335644197 -0.4042644300651658
 0.8852273043572654 -1.227751937111209 1.242199603871882
 3.688127953564278 -1.898781922437618 -4.067287849760098
 -0.7197328876455928 0.5326768456611559 0.4774807517252074
 1.667022876803798 -1.813462262559309 -1.190927291781088
 1.000624204627508 -0.7957787146161525 -0.8764169168664792



# name: <cell-element>
# type: matrix
# rows: 13
# columns: 10
 0.988757503588428 0.252349638466948 -0.6212624072191647 0.3493519154801237 0.2677765853827886 0.194578130767958 -0.1828376318952274 -0.3068764533596025 0.3583818021860122 0.05926142498984276
 0.5420251089827953 0.406874624576296 0.003568535037583298 -0.02520050138353925 0.2942943656271935 0.1353127108564076 -0.06347045030148969 0.1018555165149374 0.0610705496721393 -0.01168992155571304
 0.8383811749990882 0.2284279473851057 -0.8281717756906311 -0.4324430827785739 -0.03368574775950335 0.218870816697771 0.7592286716815545 -0.4436852774033817 -0.6878792317389871 1.046176095013345
 -1.586616290000694 -0.209488473666668 0.2802061324092138 0.3917439879378336 1.269492526588936 0.5310049479274859 -0.4674354916293333 2.160939217220085 0.413741591756068 -0.02923692669729802
 0.6995953371633983 0.502196254467599 -0.389728522370171 0.131490844944506 0.3281822615396525 0.1877941746750209 0.2118369147111268 -0.1801886185873715 0.1127192701275372 0.03155836109235998
 1.001015436154884 1.576581541124061 0.1689196853928692 0.4328854198843326 0.5183161531498561 1.331115019754848 -0.4045484462712792 0.6604793652915357 0.5021961751151021 -0.3344374814181272
 -0.4394888622428798 -0.3926701443040841 0.3902840885986663 -0.1616392819058305 0.06499712371969661 -0.0542046607403943 0.5113159698449031 0.3046863177943453 0.1825741352468876 -0.03643108907055051
 1.742512200802353 -0.1024326682407881 -0.9920281556229238 0.4660511981450584 0.8060072242380667 0.1351358976824133 -0.3312890581645996 -0.01624328094537269 0.4856142017915187 0.1311531132322073
 0.1653826979618228 -0.2084332780661922 0.1192379438106246 0.3703010529181059 0.3447277608033945 -0.07163656053348785 0.2619567895892971 0.2896664006369979 -0.03046514654639185 -0.05132394348053377
 0.4060984685264601 0.4767382195799033 -0.1972856071736149 0.6008232910892858 0.7638180700180277 1.477635268658388 -0.5332452466661279 1.023631757761363 0.9150312371880142 0.1590185539411686
 1.777245175362846 0.5882672880116997 -0.4855486137355184 0.4619714058929377 0.03533976796978772 0.843785864642676 -0.5323088153323751 -0.3928441162048973 0.7305992388203673 -0.1644917058109457
 1.416849007605338 0.556290101108615 -0.1863109261219786 0.3503696207500263 -0.01163142490513621 0.624849231979133 -0.342923187871065 0.03103122960653278 0.6256476497962173 -0.1877768939033217
 -3.007969077269276 -2.041406195706877 0.3244213926571097 -0.338163591765352 -1.308393606633493 2.0227171254819 0.2356543826857165 0.03020867475121617 -0.3208467805164012 2.592826999823236



# name: <cell-element>
# type: matrix
# rows: 1
# columns: 14
 0.3565968619454964 0.1847376841904758 -0.1777883911358696 1.396295258757558 0.2845613194288019 -1.279141695638909 -0.1516483199995686 0.7064459448936187 0.06533898649749677 -1.225212935584492 1.001337412924407 0.7925304031692857 -0.6108440809186527 0.3978397779883179





