# Created by Octave 4.0.0, Wed Nov 11 03:22:27 2015 ART <mariavictoriamesaalcorta@Marias-MacBook-Pro.local>
# name: m
# type: scalar struct
# ndims: 2
 1 1
# length: 10
# name: iterError
# type: matrix
# rows: 0
# columns: 0


# name: epocsError
# type: matrix
# rows: 1
# columns: 200
 0.4595464605696989 0.4810537419258736 0.442996934080267 0.4816339596226832 0.4296174915268628 0.4651514401539206 0.4343063005293035 0.4261502926370333 0.4713773883044004 0.5020857279104995 0.4276276244770802 0.4383242087487384 0.4527641323221961 0.4507522741596153 0.4919600907619018 0.4306926928528816 0.4242652515025048 0.426448347789624 0.4832365931370944 0.416166020830543 0.3995996529910247 0.4396354648884322 0.3965667720011282 0.3953131045538648 0.438401335459019 0.3840226490107288 0.3865194402782749 0.379733100902829 0.3779780126973496 0.3834890704839644 0.3834435223434473 0.3737677326331199 0.4343007964743194 0.4681293172189402 0.3781564803815171 0.3846763946097693 0.4020719067791246 0.3694706574604463 0.3999763890258871 0.3702437681902411 0.3441646823784458 0.4264791281854087 0.306455044502663 0.3100387459554486 0.2683545276117117 0.2711937403478363 0.2555531553404956 0.2056727962232376 0.140912965294615 0.07454182738572618 0.08415255610417632 0.05401480262895788 0.04354763086523967 0.05395864253575204 0.07003820786441667 0.04904212957112988 0.04387490698252692 0.04178290386219009 0.03950988644776761 0.04171275065466254 0.05050641493143717 0.05031669989625256 0.04233057490970731 0.03053245082307264 0.03587629775755776 0.0321180366147182 0.03509169558403053 0.03242523263057583 0.03676222720711595 0.03753994448750207 0.03973457499738027 0.03888633629324911 0.04245774128164456 0.04295270769633089 0.01992940314542167 0.04716229019990637 0.02672845430917571 0.03094961808785926 0.02273928193177487 0.03022201805597986 0.01869109342679785 0.0292849375260824 0.0244567101715886 0.04436086847501383 0.02683808515223829 0.03808551846401568 0.02011280455572854 0.06508681624491806 0.01851678038897204 0.015128466394279 0.02959844167634306 0.02514192528480307 0.01837770776357378 0.03106631610432657 0.02261537939331665 0.01360026127113836 0.01601631873092654 0.02641350613352272 0.08269707647141387 0.01675957736985925 0.01887250222769158 0.02535006099657845 0.0150528550377163 0.02227969722244356 0.06873776599492566 0.01571118339663875 0.03718911905827642 0.01831358521203347 0.02189029444954008 0.01999536790266834 0.02146811167334474 0.0197833722265111 0.01199083611287962 0.0144390313165433 0.01691560752899019 0.02066527637585601 0.01591139152356771 0.02160239306079134 0.01783389554893567 0.01772027027241578 0.04170994957121864 0.01772675793877578 0.01119186894753187 0.03457755890384354 0.01410052277521711 0.02293194425699874 0.01300743336977125 0.01200562160589642 0.01761433430755506 0.01141370397801635 0.01278115862340261 0.01079233487012383 0.02853401271225727 0.01111809318401856 0.01681128566417334 0.0116423791338242 0.00947081394492902 0.01773483856951375 0.02008571578228076 0.01201919295125201 0.01157014291058514 0.01554319168300602 0.01317884621761826 0.01348828546316186 0.01119625271940946 0.0112746525907121 0.01227572043860307 0.01496277837795679 0.01051877975348255 0.02144134927695292 0.009343690147423379 0.00928990764978173 0.01817457926770556 0.0123776212814901 0.01105281087308682 0.01304668964199693 0.01476967862489554 0.02954456795285715 0.00814561529126704 0.01050955914423176 0.0128218550570624 0.01397947322642617 0.02865959978382838 0.009773834163668269 0.01003879858323031 0.01241768533146375 0.01191256941472182 0.008281381752141112 0.01092834725702424 0.01021482387477702 0.01115611146981148 0.01731803673206488 0.01838571267873741 0.009205011514156859 0.009185785650415298 0.008529902531452483 0.007925272792428004 0.01015175774852482 0.009667203669804359 0.008001711720372168 0.00779613867178065 0.007950499996829169 0.009113731133817025 0.02867946410286706 0.007836030935202177 0.01085061982095591 0.0169268103613346 0.0125936470400477 0.02266720818158153 0.01977847253105522 0.006493145594863073 0.01216986116689622 0.008817577438130018 0.008833513588742578 0.008919359782338968 0.02671818424180818 0.009841315784928251 0.00908610212361461 0.007450930248078975 0.008383665647828751


# name: iter
# type: scalar
0


# name: epocs
# type: scalar
200


# name: eta
# type: scalar
0.08


# name: w
# type: cell
# rows: 1
# columns: 3
# name: <cell-element>
# type: matrix
# rows: 10
# columns: 3
 0.9512035256395845 -2.09148941696299 1.414618909905334
 -2.104614059534559 1.275668867742773 0.6051231700486508
 -2.707312495179921 1.76520930935554 -1.7216487778345
 -0.5633252311595086 0.7951876626052859 0.09294080778993268
 1.75538547368439 -1.88936203124819 -3.1357075513002
 3.694978299407899 -2.480242278697772 -3.232578348533737
 -0.8517042160903939 3.098912655942879 0.999219583782234
 1.827708696021828 0.7150682243752909 0.3654661788532608
 -0.9234763663481458 0.4674911306932953 0.09008429167752503
 -0.9464983605229165 1.666361841902141 1.871221153890601



# name: <cell-element>
# type: matrix
# rows: 6
# columns: 11
 -1.683625301713235 1.166676157247268 1.558538659227968 0.3616282334845322 -1.274455349825161 -0.2016095818614538 0.783018039822021 -0.2305557977611717 0.1697526845776833 1.042368275465596 0.432959601244042
 -1.848465446747255 0.7126098984461952 1.969893764611855 0.713608246163915 -1.562537252811889 3.587835895576741 -2.847736080164465 -0.2475806434991727 0.77961605445778 1.100280955086892 -0.7014081903422593
 -0.02720028199213361 0.06863562926708507 -0.2628967470526926 0.4946752723218861 -0.1771094690796199 0.310799409101241 -0.1454149352318191 0.2984164877361331 0.3310277219573418 0.6034556643968457 -0.2570017246495069
 0.501954925676909 -0.1943905058748148 0.5593461065693326 0.2574319472563354 1.055643018928134 -1.427737020993323 0.9453453599566253 0.7399784756624213 -0.1220081487697251 -0.4045372987419772 0.3621612937898644
 0.9741733868198033 -0.9876370345192076 -1.156702670422112 -0.2971033725944016 0.1942662384532987 1.214958666703759 2.14542425892102 -0.04014094266930054 -0.7466984536278343 0.00776917298590071 -0.4907629501287387
 -1.05840276230855 0.4324399622476237 1.064390707291532 -0.1068009006747849 0.5293117183928331 0.0382120511430581 0.7972022194579329 1.755077440939128 -0.7807752299535533 0.2430390023741077 2.371651810733373



# name: <cell-element>
# type: matrix
# rows: 1
# columns: 7
 -1.490012021202597 -1.335320913253947 -0.2374345183926524 0.7997179797149433 -1.405545251427769 0.8864911371673764 -1.386661790459439





