# Created by Octave 4.0.0, Thu Nov 12 03:40:13 2015 ART <mariavictoriamesaalcorta@Marias-MacBook-Pro.local>
# name: m
# type: scalar struct
# ndims: 2
 1 1
# length: 10
# name: iterError
# type: matrix
# rows: 1
# columns: 60
 0.4619080819194586 0.4383904956276464 0.4372925788736724 0.4367448508686919 0.4293137591122719 0.4290220488324142 0.4276324187442612 0.4239364264775569 0.3833854893780824 0.3674511699806217 0.1897821482486581 0.1837199561150259 0.129560246582888 0.1160143916624087 0.0695871583546737 0.04050822901228965 0.0396285438044643 0.03346016068930973 0.02835793472321562 0.027028094906013 0.01973363445416052 0.01622991656700931 0.01553634868304756 0.01283892135215813 0.01117034226668772 0.01034055542876909 0.009485264929461812 0.008730303736291868 0.008062948882290833 0.007983299414312712 0.007536634767851881 0.007453163485914618 0.005793987227506125 0.005521816407597571 0.005347973009108962 0.005340512266682025 0.005092086642953957 0.004645409955536759 0.004557676860022297 0.004527724333227318 0.004456234198558858 0.004450600901558264 0.00441975203235738 0.004392883303969932 0.00439205935242607 0.004341818203126606 0.00427930250315062 0.004270661137435632 0.004256550241756896 0.004250518860795797 0.004246301692126328 0.004174127742554502 0.004164194758406861 0.00414976659336895 0.004148611095850848 0.00413427137100142 0.004114146480307652 0.004077286096942546 0.004049063032491152 0.004323902854555272


# name: epocsError
# type: matrix
# rows: 0
# columns: 0


# name: iter
# type: scalar
59


# name: epocs
# type: scalar
1000


# name: eta
# type: scalar
0.01509438574407265


# name: w
# type: cell
# rows: 1
# columns: 3
# name: <cell-element>
# type: matrix
# rows: 9
# columns: 3
 1.308898966411744 -1.384411870059683 -2.244918363339105
 0.619332389239641 -0.8321182189433109 0.006398174225205589
 1.3553485288012 -1.090901889923683 1.422456291174973
 0.9035265246728427 -0.8384788120278068 -0.1221189546501782
 0.6291400142508987 -0.7151420752181878 0.5507590821006043
 -0.7983342113016862 1.185189639110469 -1.105148364519908
 0.9500083200961007 -0.8159656576250722 -0.2898200950078688
 0.8256170280590442 -0.7698358478588074 -0.4732500700151876
 -2.821757848551862 2.829811503695962 -1.76071350511597



# name: <cell-element>
# type: matrix
# rows: 13
# columns: 10
 0.1890226202436396 0.1930451292796197 0.9204355172101469 0.272192437844193 0.3757573918527946 -0.5517675884014063 0.174957396505141 0.2750802505933096 1.048558088578347 0.8859966719331918
 -0.1297813256917434 0.6823061360911526 1.359176870250819 0.2087965416793118 0.8185318867245267 -0.9642552494548348 0.3691195881517197 0.3731155747796643 0.4769116148248803 1.066208035187
 0.1372311609941895 0.05308074376649261 0.05120982342832262 0.1005881682018864 -0.02281385682142924 -0.001700549796297811 0.1939444394033647 0.3706214001278046 0.5657538988162045 0.179143370104661
 0.7737330964694079 0.2688780368800888 -0.075205331171234 0.1455161922174057 0.08107486790837146 0.4695383198121396 0.1381854877326492 0.2637715075058369 0.8736752119596914 0.4724171108287306
 0.8814378478526949 0.09423883396812464 -0.1319157846822704 0.1490481992390489 0.3549075105305968 0.2342347255593856 0.09201980640603623 0.2252875394197997 0.9886306660561428 0.3441686094951723
 0.09127088335749918 -0.003285811450747356 0.1396221264759088 0.1894170919039526 0.110315493334948 0.3291958296277369 0.2875210282004865 0.3474354139163154 0.6003563155163758 0.2793583785588993
 0.1995952053720968 0.009381904684979269 0.08738215867891383 0.02696546937352259 0.1230763236460596 0.2730739880028115 0.0406074930195317 0.1952492465177435 0.2905612024698246 0.258548835756565
 0.7964470360201068 0.2909367329360503 0.04794623273999999 0.2199585133349866 0.183819242691294 0.2338882126411777 0.1758726830269821 0.3446337736829406 1.242401508584988 0.2037353210644023
 0.5607029219223364 0.7023086966368838 0.8856524233603983 0.6202396159914222 0.6005551932801371 -0.006040343248891241 0.5032442881400652 0.6399035010725108 -0.6689115971797276 0.2054193591532831
 1.860491705796136 0.8911211277178988 0.02600883707654791 0.910072267646602 0.3879386205841205 0.2653204407922902 1.092058406142018 0.9471186432746211 0.9408775775253316 -0.04777963286724007
 0.06392149399618392 0.06563983651906027 0.1674349012483718 0.3155685498703805 0.3214106631954118 0.4316412163053736 0.01550567029379969 -0.0933603766137777 0.3035581122655544 0.1469212087274775
 1.006103061890607 0.172097193643629 -0.06990302870487618 0.04605860124453768 -0.01936582663724793 0.1573270996550371 0.3792211372731115 0.4203969978735284 0.9273962506937362 0.1696601207696514
 1.282658803400145 0.763268016711846 1.054284548581591 0.9041004854905837 0.8053484148679216 -0.5301127110355378 0.8665744288057524 0.8248926481170685 1.508632525135011 1.093405738617266



# name: <cell-element>
# type: matrix
# rows: 1
# columns: 14
 0.9390239444740184 1.448790238010834 0.2360840668021509 0.6016383203043514 0.658779895684827 0.2379165624892655 0.1673479345141302 0.7003369095876807 -1.121375832799942 -2.156483239551142 0.1022153725032499 0.7458472865149749 1.584862317730212 -0.8625150268920382





