# Created by Octave 4.0.0, Thu Nov 12 03:40:38 2015 ART <mariavictoriamesaalcorta@Marias-MacBook-Pro.local>
# name: m
# type: scalar struct
# ndims: 2
 1 1
# length: 10
# name: iterError
# type: matrix
# rows: 1
# columns: 110
 0.4393908473947979 0.4323827565567377 0.4297268660533382 0.4295286619525652 0.4280476377278739 0.4275469803977009 0.4275420840029803 0.4268873337779882 0.4266925697006747 0.4264105622803015 0.4250819699128626 0.4248229100192526 0.4233380977951747 0.421866670669115 0.4209841114702371 0.4201552168893349 0.416915331009492 0.4155763099401762 0.40868734644448 0.4058074593347253 0.4033632650028133 0.4015012097427793 0.3976264785667179 0.3962791910671571 0.3931769197850652 0.3909194052337246 0.3882475598526 0.3829323313143883 0.3787478121564802 0.3750382462254552 0.3720172246726109 0.3699139055696837 0.3594368843039544 0.3453239525863011 0.342546080936779 0.3085127325378098 0.2826642308365117 0.2757004258025421 0.2413340483922218 0.225956760424694 0.2208605306827014 0.2203131993220455 0.1986880788846916 0.1862555924073885 0.1682195398636103 0.1530795380768223 0.1268498459981322 0.1265684261911727 0.1091740311243508 0.08962807348553768 0.07350397402089176 0.07288511003333938 0.04984147005487007 0.03853915278534734 0.03508085129261554 0.03204625678705014 0.03186754601809517 0.03045922004776646 0.03018137576785806 0.02597531414750629 0.02556334186671684 0.0254100917775984 0.02431212204176738 0.02428833404259408 0.02379756210073092 0.02349910401999904 0.02224781208629906 0.02204406448829552 0.02195774531035623 0.02136136597878128 0.02097436039985557 0.02095684225632436 0.02076205304249018 0.02067035007645413 0.01996216688714816 0.01956171277655596 0.01884768648879584 0.0187510804423953 0.01816264452271449 0.01799741045111269 0.01796145769454045 0.01754186299940837 0.01740632635564687 0.01739818860071345 0.01738841479551521 0.01731850043399851 0.01714679521561228 0.0170295162392203 0.01686818929550677 0.01648652219999637 0.01606907170594668 0.01569097455084595 0.01551987260786116 0.01522040998020016 0.01520194870345956 0.01514564569282729 0.01470607890253338 0.01465775367388161 0.01441358928180292 0.01384121122564379 0.01369497236841709 0.01354517507507166 0.01349209856283516 0.01338535773703986 0.01332061582191893 0.01298172055816853 0.01289039792022596 0.0127886680938413 0.01275252840848704 0.02173955255008918


# name: epocsError
# type: matrix
# rows: 0
# columns: 0


# name: iter
# type: scalar
109


# name: epocs
# type: scalar
1000


# name: eta
# type: scalar
0.01311318441148288


# name: w
# type: cell
# rows: 1
# columns: 3
# name: <cell-element>
# type: matrix
# rows: 9
# columns: 3
 0.3559781353564666 1.494466545750786 0.4160576338860298
 1.97370425681727 -0.7858255306288289 -0.6515662750311767
 -2.970020617186721 2.964147239908099 1.105021756908379
 -0.3625531403825529 0.9500285714937952 -0.6282905858301876
 -0.5166702863205581 0.4672938737260905 -0.2729483586377519
 -1.054821383021444 0.5174566326936759 -0.7069474247095029
 0.9455444823873351 -1.666446959429446 -0.5936619930419197
 -1.503550728979954 -0.3764133774416327 0.3868911873128331
 1.289532154031337 -1.055862984557629 -0.004845383452706012



# name: <cell-element>
# type: matrix
# rows: 13
# columns: 10
 0.6188114990464106 0.1345264696676874 -0.2248946668064582 0.6229989862929447 0.4914809229532646 0.3381444746672934 0.407472364591666 0.259499129657921 0.7115234126163785 -0.09363012119674455
 0.5384373350484928 0.3065874649914797 0.07070710514318469 0.1842084671738282 0.1581169194180279 0.2416810811925481 0.3420462521479614 0.4611590754736421 0.2434246930542039 0.08240283039566176
 0.4745683403447388 0.3925735159608593 -0.3588085982830179 0.5747396574224215 0.3042653372925602 0.3584676647873454 0.3582328049092022 0.6391577543291617 0.3983701016639651 0.06624964128697938
 0.3881374801396014 -0.5145760593627405 1.504413396386121 0.6849068890657561 0.2078748330450987 0.4258809385617248 -0.1833029920904988 0.2313970377390037 -0.0661340893153327 -0.7081807922552742
 0.578932651609004 0.5529185850656712 -0.4555672438644742 0.5516891560713499 0.5784117552994598 0.4337483588218876 0.3193806649640614 0.7109332810154495 0.4995579303771567 0.1675149428785629
 -0.4607240088662691 0.6898083433657153 2.88419253851173 -0.8112648097727136 -0.4361043431136265 -0.9079802069832895 1.515597843997217 -0.5550434681119921 0.69553148400765 -0.474774859923891
 0.505698843649816 0.1008824036057034 0.1029687079923622 0.1497430275127357 0.2979281745325167 0.2232931106591015 0.3126491402738869 0.286741104139751 0.3462363455144823 0.2843976652232187
 0.1740403846312674 0.5784828323348511 0.1613063852820669 0.2154136183553227 0.04358275167030347 0.3680058058295382 0.3558752451102503 0.351070378378971 -0.3406756548715643 0.2469160137644743
 0.04230693981989038 0.1594446950028312 0.5174800421482338 0.138970175257229 0.2003590820553769 0.3593545711034458 0.5535942609042321 0.7566124430734136 0.3856416327919779 0.1802303382617156
 0.0590978898486017 0.5442252575455722 0.1197075038344447 0.4903936523401338 0.3614686353092644 0.4932357517813744 0.3449425361260491 0.2372667725480502 0.08184836312435921 0.3521956344907681
 0.3798467295888439 0.3726581072057686 0.09666515421754977 0.2352598619284773 0.05063940017636009 0.4652257527193137 0.3660035871193299 0.4847848219313393 0.2117285704886416 0.110567286637208
 0.4476949055435637 0.1234224205465354 0.2999300033248195 0.2579739097440778 0.1500938945528313 0.09409167805885786 0.4250612623138305 0.07753849869239922 0.114611097997243 0.09292917260710092
 0.2302375656474749 0.4550278534507599 0.3509928927112979 0.3409121755860226 0.08816802920804416 0.36392185089268 0.5115133183690438 0.5545341070609762 0.1159512762877136 0.2646638428270863



# name: <cell-element>
# type: matrix
# rows: 1
# columns: 14
 -0.710627907708786 -0.457039895443575 -0.6952144752948298 -1.27259729357838 -0.8585358503986801 -2.539816744671909 -0.4134383997085947 -0.3035645661969857 -0.5558288369631988 -0.4280378203500932 -0.4627213345676164 -0.2796578536565442 -0.4848548852239822 -0.5870995717892454





