# Created by Octave 4.0.0, Thu Nov 12 03:40:47 2015 ART <mariavictoriamesaalcorta@Marias-MacBook-Pro.local>
# name: m
# type: scalar struct
# ndims: 2
 1 1
# length: 10
# name: iterError
# type: matrix
# rows: 1
# columns: 105
 0.4427702549407719 0.4361928310687077 0.4283461886596265 0.4248556712616446 0.4239530960282726 0.4232004777682929 0.4212888548704267 0.4196957752935991 0.4160760649505594 0.4099926988539954 0.4076042077315773 0.3925840675827357 0.3860854245314948 0.3859035963446804 0.3844994046235072 0.3812338790634933 0.3809042013273351 0.379622623818313 0.3777674364585697 0.3769739530919775 0.375936123510446 0.3756760847466714 0.3739960444152184 0.3722933164044548 0.3715271470393982 0.370836435254522 0.3708299258168416 0.3705783134778673 0.370034428725888 0.3696071271744775 0.3693421001586996 0.3691422182501186 0.3690139396694658 0.3688720907473898 0.3686665868374315 0.3685163569747995 0.3681643348637515 0.3681085194992986 0.3680220033313467 0.3679306329785135 0.3678695885549413 0.3677382197456239 0.3675853939966629 0.3670617026195633 0.3667565422686399 0.3661876180858339 0.3661852101373382 0.3658574855358722 0.3657507727588622 0.3654759949343703 0.3652242924291588 0.3649863123027729 0.3648500749820709 0.3648119191377873 0.3643585421839569 0.3640241532753865 0.3639387462695426 0.3636452605164673 0.3633209393984322 0.3632220776814369 0.3632204231101677 0.3626387099888592 0.3623785470317818 0.3623168543328991 0.3617596235394744 0.3615959942292836 0.3613405026735598 0.3606271456599215 0.3604084999571183 0.3597290464293072 0.3593416817667059 0.3585691770157063 0.3577264965379957 0.3575995001534309 0.3561036154987202 0.3548933524404023 0.3498439843963033 0.3477460219307602 0.3423417894808888 0.3341082951226894 0.326311453671262 0.3058686977621031 0.2937560308590445 0.2807337116882538 0.2247171496457457 0.1797276210711756 0.1470473767176133 0.1032157760936279 0.08875714830640422 0.08280923927496026 0.07974738108713966 0.07189455139939552 0.06387308560010468 0.06237645559361427 0.06228869827772886 0.05491245670472696 0.0542481962144627 0.04821977206130538 0.04812407284598866 0.04708196327699011 0.04322603755942893 0.04310602959291878 0.0426559384156837 0.04174563028084758 0.06562163206724822


# name: epocsError
# type: matrix
# rows: 0
# columns: 0


# name: iter
# type: scalar
104


# name: epocs
# type: scalar
1000


# name: eta
# type: scalar
0.0122223447906573


# name: w
# type: cell
# rows: 1
# columns: 3
# name: <cell-element>
# type: matrix
# rows: 9
# columns: 3
 0.738675936589787 -1.799498310818161 -0.3720221748521665
 0.2437522499274352 0.7887629249403173 -0.1230563489884472
 -0.6980172541099083 -0.4302568769875812 -0.01512751472381423
 0.7954348217873279 1.459448189666488 0.3164724991220858
 3.747604985304418 0.08017477107007499 -0.8463876267922547
 -2.691602961033229 3.479357272166772 0.8332478937493344
 -0.2658473010593105 -0.004916878630956525 -0.03171822232772763
 -1.956583637995738 -1.110829489170298 0.1869163927169608
 0.05660414285377657 0.3956424122605654 -0.1443680335950837



# name: <cell-element>
# type: matrix
# rows: 13
# columns: 10
 0.5479338383972143 0.511610616753288 -0.01625358461079015 0.2712485018699282 -0.07267018119822731 0.2067298424881846 0.08912997123519151 -0.004007445604440493 0.1196188251045889 0.04445556264455135
 0.5893332482557626 -0.0150226920873312 0.02982225264076206 0.192049705085512 0.2636795450473761 0.27568626610909 0.08668084759361758 0.2158257961204852 0.3608103748241396 0.07920197451639029
 -0.07934687967494913 0.3022978670643769 0.2975750532051291 -0.01471083359302897 0.6483533845797239 0.2212746376442638 0.218662959159359 0.3754582338062163 -0.02573077944317824 0.2474667534479601
 0.5254352961486315 0.2411515361332346 -0.151657284541327 0.2302062083955171 0.7956290185292194 0.5381360046287621 -0.03352275196194845 0.4258849933973064 0.05210402890939864 0.350320442328253
 1.375138025653035 0.2805660625559281 0.03297498057646853 0.3429472656214307 0.2106919319842263 0.7299133140675741 -0.1429093975358267 0.4451876330086167 -0.09159656844204654 0.02962143166646277
 0.8479491948327513 0.2817496953542173 0.04036353890851374 0.5462711041636055 0.4295420195869254 0.4750467915592252 0.143018262908261 0.4626008892600085 -0.09320039600695594 0.04570666272673667
 0.6655060256727031 0.3030482449850845 0.0140024512602526 0.3542588135230804 0.7582280958777258 0.5791092277801677 -0.03973668074628972 0.3341091613573794 0.08986731997680646 0.4125892322910205
 1.166400034983982 0.04426625475037189 -0.1493606798809412 0.2883488784853874 0.2969343493787555 0.6796101175179419 -0.07670153154835861 0.4001166171932173 -0.03016787883509844 -0.02286560239771614
 0.8767028274408363 0.09348820984419244 0.1279145146400354 0.6652893606846485 0.2377125267252269 0.2968202437115391 0.09576624091885506 0.4366058589442096 0.3228422864785369 0.03081656399390656
 0.3649275102248357 0.04370861211389038 0.1837940946272845 0.03512527760962263 0.6214435456416386 0.5164918004015093 0.01639003323149407 0.09250690622305095 0.3542590687258953 0.2117434646505472
 -0.2281711878935919 -0.5166318101181828 0.5512516491188555 -0.3964257576758398 0.298372556876584 1.663179597771908 0.1760786977900221 1.24616722204459 -0.1163349201705255 0.3276282871221259
 0.5622488596493285 0.1510815652063582 0.1970854475442352 0.7592945080845819 -0.25526160593613 0.03932888655146553 0.2830155303558913 0.05435126974807223 0.4834550250858893 -0.1495501996733907
 0.4528143395492548 0.2358224603106442 0.07568846194439798 0.155801310205423 0.6184727981383378 0.4787911953561226 0.03443745888222344 0.3270911694318194 0.302825746733341 0.1688545835207012



# name: <cell-element>
# type: matrix
# rows: 1
# columns: 14
 -0.3886827503398121 -0.4615637399187785 0.01217307471558047 -0.5683505515394049 -1.127831513347419 -0.7651518471203419 -0.6641207977527339 -1.003022306714368 -0.7335091052987874 -0.316961854801434 -1.454360935422311 -0.3671865526100753 -0.4203532746462511 0.4490841930016363





