# Created by Octave 4.0.0, Thu Nov 12 03:00:04 2015 ART <mariavictoriamesaalcorta@Marias-MacBook-Pro.local>
# name: m
# type: scalar struct
# ndims: 2
 1 1
# length: 10
# name: iterError
# type: matrix
# rows: 1
# columns: 134
 0.5669631050184996 0.4555734105114018 0.4415456897535668 0.4270456887821837 0.4215917281519542 0.4151590961462627 0.4111778008163175 0.4092110539403405 0.4075766817022476 0.4035312653129079 0.4026037419553268 0.4005679012666707 0.3907373994551004 0.3860260686993773 0.3832533753924586 0.3818417079703949 0.3815211207399062 0.3808627387473013 0.379454279741622 0.3793791559648997 0.3790647973605727 0.3783288910307383 0.3778511136852117 0.3771555319936942 0.3770520820912874 0.375910919466292 0.3756520493297298 0.3751679646216896 0.3748769271290371 0.3733768034077655 0.3732811607251789 0.3724570155702955 0.3705676264490274 0.3685273610021556 0.3671619120335115 0.365061349669158 0.3648446117231137 0.3629892555455229 0.3617747794425569 0.3602004720848321 0.3558769772645844 0.3543593247638634 0.3537369853995699 0.3529224061049345 0.3477165879285273 0.3436258433276881 0.3429411882031554 0.3391643806132407 0.3320611722693607 0.3316769028990186 0.3308145447029309 0.3274956456073594 0.3224987728282617 0.3201499154309593 0.3190077475617152 0.3175912766719279 0.3139448405337762 0.3092929383539512 0.3089534270749361 0.3041778716108334 0.304037082312126 0.2922765982020977 0.281984201854055 0.2730773311336042 0.2406992257347073 0.2047524945553564 0.1755899000582888 0.1640527549951193 0.1468956646978907 0.1186332565423026 0.1117485826500104 0.09348907159521753 0.08926303849897091 0.07442703580342511 0.07335589555097244 0.07249387856777534 0.06412440004429908 0.06182813721706453 0.05919090144261765 0.05528908508787039 0.0532451256292405 0.05119363509866352 0.04915499463684876 0.04734336855822914 0.04472492307144661 0.03714131099373872 0.03695969351270407 0.03082510171109712 0.02757672103993047 0.0259458977315646 0.02545800845370703 0.0247676354129529 0.02304941565692649 0.02161635653632134 0.02092285544026039 0.01970655119731032 0.01928771199872418 0.01893443023835686 0.01831315823568973 0.01816095278437782 0.01769068928111962 0.01628837341191312 0.01599254801622389 0.01505675619965221 0.01450075814005533 0.01447712896935071 0.01436934595835429 0.01403703542190915 0.0140221444289192 0.01397076868088283 0.01336949205215394 0.01334575332704928 0.01263294416673588 0.01240288989821825 0.01211805102465865 0.01190856745315442 0.01178177389267639 0.01156847089017389 0.01150112761225269 0.01144597900086856 0.01139219054461062 0.01129371726183212 0.01128939980861159 0.01100947902238875 0.01099515074448164 0.01095133082319652 0.01065603331781495 0.01064401769806722 0.01039610743355718 0.01032918652578715 0.01031751047026205 0.01005441381768431 0.009912915761469491 0.01772013651698886


# name: epocsError
# type: matrix
# rows: 0
# columns: 0


# name: iter
# type: scalar
133


# name: epocs
# type: scalar
1000


# name: eta
# type: scalar
0.05858426957235181


# name: w
# type: cell
# rows: 1
# columns: 3
# name: <cell-element>
# type: matrix
# rows: 9
# columns: 3
 0.07950101399942425 1.273668007383773 0.4214646081375895
 -0.5888335339062951 1.102939976499343 -0.8176577202073353
 -1.544012733729599 1.101427753809457 -0.6128711313537966
 0.4532580583999663 2.054631592215908 0.7713770356763096
 -2.938328957441677 -1.09722589361687 0.4836173835726565
 3.844748534951109 -1.002852470650837 -1.957095735704741
 0.8131699481741739 -3.053289427349225 -1.19234335890755
 -2.413441737983004 2.079916902081381 0.6154407108341885
 -0.8926588928710877 1.039544816302737 -1.014453054420881



# name: <cell-element>
# type: matrix
# rows: 13
# columns: 10
 0.5284001078366158 0.3864943234868063 0.6014151794691489 0.0995174803049434 0.06181024911578392 -0.4237000183465844 -0.3829325087276549 1.122873030185144 0.1774436036037563 0.3052014846329728
 0.3506267092790357 0.4266882349885288 0.3162349295756018 0.137480462860742 1.097152388815787 1.111031118012047 1.360899698004693 -0.001679580824010921 0.334174190516702 -0.2545906346000436
 0.2507644303158346 -0.04439274231600131 -0.01030232520998137 0.2093591609704271 0.4659408080661086 0.6167566869737199 0.2126439529640034 0.3281382082823089 0.05413745938085261 0.1495150033836557
 -0.02027027621122392 0.08122506909688815 -0.07064477508148853 0.1624933775271035 -0.1111862150878542 -0.02088277397752595 0.2227750514820421 0.1870927895285672 0.01910385245839593 0.01915672916054455
 -0.05450725829443354 0.1237079547477995 0.18665881328952 -0.02219866297023705 0.731211937485566 0.8900043281581496 -0.05488371136987621 0.02175035149435355 0.1731264934226457 0.3024897774798056
 0.5810761864318181 0.2733670561872253 -0.1051931590167676 0.7341097459719637 0.9521412009078634 1.122553940098022 -0.1824079794601643 0.3966711523121578 -0.0417433679071694 0.8737063668188251
 0.3972780817204826 0.2178852389159743 -0.1414484549378072 -0.03650507418127267 0.898212613060535 0.7434973759498746 0.8209981600407383 0.1990631867840577 0.2966263908671322 -0.05828475973299275
 0.04031802940686757 0.23026771132746 0.1943311856189666 0.4347970230734113 -0.251161326120718 0.2542448633670474 0.5340910244517603 0.3563863703895042 0.1032347569377284 0.1374086169452719
 -0.4941703259614005 -0.8782105964388262 -1.275431516247876 0.08344345519279284 -0.2939086623062556 -0.0225051564215371 0.3916349171148024 -0.1820766220122638 -0.7958220723240481 0.4047804514249358
 0.2793539668380437 0.3142168633017961 0.1854479601960405 0.1741535543616502 0.51117072312128 0.482934773097897 1.005010234546334 0.06783276630369454 0.4380210227193096 0.09500367580756316
 0.009976766898336315 0.2859966474633845 0.1559023791746188 0.2049763178852527 0.6677962423972718 0.4632651710284302 1.03203002344602 0.2219864510533767 0.0777417399102389 -0.08909037908895666
 -0.04027217732751914 0.05891585344535125 0.2096414221125973 0.03064788130023548 0.3450107518521404 0.6289060135162439 0.1818230338989803 0.2315775911124145 0.2351430105951234 0.2282771733077306
 0.6088103544765192 0.8527798407048731 0.294434177958849 1.002074684629828 0.9650272585588444 1.410656152516249 1.661685471339656 -0.2788890495691776 1.127938354411297 0.3428361688782167



# name: <cell-element>
# type: matrix
# rows: 1
# columns: 14
 -1.494567879264789 -0.8008816671295348 -0.1225271811883735 -0.07964230234204368 -0.006192582131562928 -0.6619742428502685 -0.3561496141314991 -0.2286880372733184 -1.867018478660133 -0.3210981220274819 -0.3406253604413973 -0.05470067332580653 -1.150986797227743 -0.4722749337293745





