# Created by Octave 4.0.0, Thu Nov 12 03:00:42 2015 ART <mariavictoriamesaalcorta@Marias-MacBook-Pro.local>
# name: m
# type: scalar struct
# ndims: 2
 1 1
# length: 10
# name: iterError
# type: matrix
# rows: 1
# columns: 86
 0.5503351035079144 0.4546094236631073 0.4511822348868263 0.4437491681368942 0.4429538702553804 0.4389891875991543 0.4379615612205746 0.436652673709319 0.4345764594730171 0.4293661418741005 0.4266158781150021 0.425118639938909 0.4214684356106808 0.4151847572800417 0.4032434107580191 0.4010400176464783 0.3949797045068536 0.3920401221551818 0.3915556378127487 0.3846995009869333 0.3837019666207821 0.3797289624676032 0.3796603722694705 0.3789214814706908 0.3775694802016656 0.3744118612166578 0.3706773313164789 0.3694348390445957 0.3690944559811243 0.3643896311811599 0.3637525958974252 0.3573097865752732 0.347144687010651 0.32028712014907 0.2999954825296335 0.1528503037353461 0.09605248110681278 0.07336664262133252 0.05181509057789418 0.04617091149956154 0.03167952990778303 0.03094222813465812 0.02945030358178556 0.02846676822590393 0.0269741729225921 0.02606955472996413 0.02486285921405725 0.0229247399833196 0.02245334508997517 0.02161037884756074 0.02100019487432272 0.02097641331704016 0.01990255023533235 0.01918759185713397 0.01902411192183379 0.01857156940967785 0.01844736173024435 0.01816634321677982 0.01759764437898082 0.01677594632810461 0.01653267772603634 0.01618507560231992 0.01590986565921255 0.01587974117870177 0.01510386948729205 0.01503091575290033 0.01477296613022211 0.01461539926261923 0.01456567388851838 0.01413295641268723 0.01367981324819138 0.01313095159138336 0.01301015156804233 0.01260362819221813 0.01247796531578706 0.01240324877308762 0.01235218084946236 0.01209445156810839 0.01174783433182413 0.0114258203610927 0.01118316909142336 0.01108753887493654 0.01105680155831823 0.01077791329523458 0.01062216535973467 0.01966943367852002


# name: epocsError
# type: matrix
# rows: 0
# columns: 0


# name: iter
# type: scalar
85


# name: epocs
# type: scalar
1000


# name: eta
# type: scalar
0.03508940014479286


# name: w
# type: cell
# rows: 1
# columns: 3
# name: <cell-element>
# type: matrix
# rows: 9
# columns: 3
 -0.2606742871833276 0.4610618542384126 0.1978188194295554
 -1.574244384584965 1.637007935718358 -1.792630764197206
 0.3089886711122617 -0.5119373646799732 -0.1737723515877647
 3.522614002878587 -1.917265169208638 -2.551138540077495
 1.045950910803096 -2.130024077637132 -0.67688325007821
 -1.327457233643616 0.2679691891839892 0.8968793018383001
 -0.04441460788035415 0.5302457077308885 0.1493290221437858
 -0.6156252708341416 0.3198661949358977 0.1281787066935095
 -2.058912161367005 2.532768552234316 0.5039789197647413



# name: <cell-element>
# type: matrix
# rows: 13
# columns: 10
 0.3674446488591834 0.4660246835517898 0.0387135905746684 0.3604477635093638 0.442184484392193 0.3395049238940214 0.2556256266724588 0.07641503482212736 0.2417974154253269 0.18194948663454
 -0.2658929306884754 -2.688457331894333 0.2248152413639143 1.901066860277885 0.06242807884511443 -0.315938031410794 -0.03342263429594629 -0.7489067695775353 0.230343506346545 0.4039158888953869
 0.2209118556029303 0.07462530358131254 0.2413440344002653 0.004113772167808721 0.097074466506388 -0.1626301100776496 0.3062520195537183 0.3195940507690818 -0.02517291551949793 0.08447626980208241
 0.2412156388501919 0.7459578565501588 -0.2903312481507438 0.6908653675190135 0.6768927402158075 0.5399730841359242 0.03477634105645624 0.2057131343904916 -0.04841156417082162 -0.01235578997474262
 -0.04947313039911811 0.2646502257226774 -0.09619232985011576 0.238788472770469 0.2230853749065087 0.4898550014938029 -0.09801804951924606 0.07484927629250719 0.4035436850440021 0.2192887948384817
 -0.1219211784725199 0.1744134961312133 -0.4472656996383266 0.05702254080219613 -0.3481493738419247 0.7052897609947524 -0.180932863481689 0.4498007709832772 1.184418439759393 0.06482994352364511
 0.3724260296895222 0.1354584971960199 -0.3141644944273872 0.3268943326717957 0.3813400553157102 0.5221575651466972 0.1351180576526345 0.07432222719096866 0.537765459235173 0.3649763552611701
 0.09061588473872115 0.3368298265469028 0.09958018335070608 0.1955208266567258 0.2939131393453776 0.2145614700643608 0.4333319522819031 0.2259612932470401 0.3211367669591704 0.2354846303251191
 0.3671927922482352 0.560453264874735 0.01187403687624143 0.6021899752926583 0.5034030169368214 0.5257302652786356 0.1525405121240997 0.2262250549106784 0.03153625623739305 0.03065794986023142
 0.1706040473240787 1.275317759293171 -0.5134349156882323 1.051074545946338 1.011517268940837 0.6053647349931559 0.2279911049773511 0.6133072228449412 -0.2938710533141813 0.03537149998986888
 0.04901743648534108 0.1176996203226531 0.4992964800268921 0.09384675582797763 -0.06948146085579311 0.05537371474242619 0.3930433695591381 0.1969139086317753 -0.002286704935894898 0.0003481824190059168
 0.1915724665017762 0.2740764260777594 -0.001612726964419847 0.3528811076446721 0.3469239453641939 0.4142550106531302 0.4296518796170106 0.2279843935046908 0.30739936279996 0.2275568186412448
 0.2627703879887098 0.08260015938433345 0.08437073170305358 0.072893929864491 0.09980423928574299 0.1644544293510092 0.3335318437569638 0.2016247809774279 0.003767590909492011 0.1079099528764639



# name: <cell-element>
# type: matrix
# rows: 1
# columns: 14
 -0.3875166759909013 -2.607955151628062 0.01827950739970217 -0.72039313775161 -0.3826071908924972 -1.725515359792515 -0.614060731775757 -0.3052510566193936 -0.5584018025260251 -1.303024267834724 0.02942286917681742 -0.4366534158049261 -0.178325649757073 -0.04909337095697639





