# Created by Octave 4.0.0, Thu Nov 12 02:07:08 2015 ART <mariavictoriamesaalcorta@Marias-MacBook-Pro.local>
# name: m
# type: scalar struct
# ndims: 2
 1 1
# length: 10
# name: iterError
# type: matrix
# rows: 1
# columns: 115
 0.4439757991062245 0.4353843386639902 0.4246509928312655 0.4241523673864969 0.3792559741653321 0.2900241838818009 0.21623782074252 0.1519237658210209 0.1012067211636663 0.0773353774801846 0.05600493526310844 0.04179753101364705 0.03764649098668033 0.03441982018871471 0.03271610888995082 0.02980894207797015 0.02931866934190626 0.02858368129929855 0.02694839616582648 0.02632889816067944 0.02607033857237528 0.02586837641791976 0.02535171315365141 0.02522806529320295 0.02519456282934261 0.02508919282452057 0.02383136716934003 0.02339265586713134 0.02323978099232176 0.02315750792718609 0.02282177468282016 0.0226866991954705 0.0223822395583903 0.02216222559010455 0.02202206806654963 0.02162989528444868 0.02158954015073504 0.02157155509627589 0.02120190086570298 0.02085312749725624 0.02071106971748621 0.02056108130933111 0.02034285481881627 0.02005079744507979 0.01984460782329422 0.01981531636575246 0.01972237154572676 0.01959781383359614 0.01941474652435743 0.01933341691791479 0.01846950171077628 0.01837699406008026 0.01797407824943199 0.01764060194799107 0.01742291021246024 0.01715788605062321 0.01689308540270302 0.01667796731697669 0.0164660584163509 0.01592384101837054 0.01564929488126007 0.01532921933362399 0.01527095201300936 0.01507748854227132 0.0149989049485393 0.01418503914465554 0.0137185317661219 0.01356248753117903 0.01316325454193867 0.01281259300201251 0.0128018709011071 0.01201177018473593 0.01199696455187117 0.011165665874164 0.01067164810041276 0.0106665256749214 0.01049770604983382 0.01042802180199153 0.00919118970463664 0.008352641686675098 0.008191014705394666 0.008146334951703801 0.007152169545160606 0.006669535500741777 0.006458254166675828 0.00576012997140308 0.005470490750057035 0.005098053686981179 0.004969386103029173 0.004805256674330082 0.00447483230542271 0.00427311809481931 0.004175932563821176 0.004152885532119817 0.003968941501084472 0.003921456404658559 0.003796873874313123 0.003722756646510901 0.003650868951416265 0.003639359048303807 0.003532199413406319 0.003460784205135199 0.003431494735943031 0.003300747713327317 0.003234427794808528 0.003203366480533575 0.003138004708251809 0.00312817037330814 0.003092601345482557 0.002978355171940841 0.002956172334513672 0.002947888868151441 0.002867402642745966 0.002850948634593802 0.003543253413862229


# name: epocsError
# type: matrix
# rows: 0
# columns: 0


# name: iter
# type: scalar
114


# name: epocs
# type: scalar
1000


# name: eta
# type: scalar
0.01152303387137135


# name: w
# type: cell
# rows: 1
# columns: 3
# name: <cell-element>
# type: matrix
# rows: 9
# columns: 3
 -0.8520365362249537 1.252022605996918 -1.432141179224451
 -1.106461326092252 1.128875202921275 1.778483614301669
 -0.9967818672966189 1.103345472156295 -0.7180007456268058
 1.024314167577536 -1.560242746452974 -0.5633726730888783
 -2.918237562678036 2.917067145131387 -1.927363296526808
 1.133445529327992 -0.8136691213642844 1.404242080509307
 1.577251180859561 -1.114004217326637 -0.3212215813929852
 0.608915396259453 -0.3967703562311242 -0.1942162389150568
 2.148908343975756 -2.138230625968503 -1.765442696066767



# name: <cell-element>
# type: matrix
# rows: 13
# columns: 10
 0.4339477193228962 1.04881716563653 0.3882053771020896 0.05155877339746473 0.2562027363033693 -0.09036700163542449 0.3474559048291069 -0.2996878757464259 0.7383389307289454 0.3066725295685658
 -0.844186736805435 -0.4485927780207979 -0.8175349855741757 1.088281156065156 1.670145141841215 1.181398447020129 0.7470467284971861 0.8068113259533773 0.6528909999318659 1.279962056121425
 -0.4961785071468581 -0.1549598103362266 -0.3467047906964733 0.4516295904092963 1.874415132011761 0.98370241442726 0.6383112461843661 0.38711363589635 1.137082623800269 0.9893012261387232
 0.476669928008533 -0.03509739264772931 0.4967081713051505 0.4704844451919802 0.6403681380657652 0.1037966805194573 0.1573021489958187 -0.05349637708248303 0.6303335201294136 0.4526248731801961
 0.6309144475866278 0.6498285107630452 0.5416843737003876 0.4453908538873281 0.3413298093411422 -0.2296110633660919 0.2777228124142849 -0.1132336755213941 0.867362885781096 0.5433921511410853
 0.2824296380664558 -0.6363499820659887 0.5744527637449789 0.5285128518412102 0.8552574623570218 0.009751904552897045 0.309875185419557 0.3632128103908437 0.1891296348206404 0.2910264329656456
 0.8207317911814216 0.03152260780984407 0.608821480133335 0.8512468390597122 1.037706012627475 -0.4066516091962212 0.8763490202574564 0.2288935558467548 1.890053945340802 0.1634605535994129
 0.1845930831239787 -0.05980253849925232 0.2781672155354896 0.2274982111038036 0.2948419703796202 -0.02354034220515378 -0.08256330450136172 0.404490329434007 0.2038227271861835 0.3024628871445854
 0.532659748147459 0.6075895685775639 0.0517443709938086 0.05962249283508836 0.2639509599928352 0.2811274678939959 -0.05716726256502241 -0.2911192751331811 0.5381145332453896 0.1500709415511526
 0.3375110363449177 0.1777210816975172 0.5634011334102679 0.3106868295422245 0.2067210701855485 -0.147965361806142 0.1767636766568847 0.1431298272318712 0.3619762401981479 0.4061976640487956
 0.1373474776159123 1.460048619170159 0.08425853026898558 -0.09193303764305678 0.06325222461173736 -0.1296134866403004 0.3028370501388263 -0.4684238545128943 0.4799720922182579 0.2003231231174639
 0.3996942029781798 0.2663761157015935 0.7186625326913797 -0.7774721488455116 1.722457940775161 -0.6410186946988072 -0.6286464929519158 -0.2148894950689987 -0.8263958297892198 0.5041232178305434
 0.4191539468154316 0.002841814641664364 0.02556506913654474 0.37020941806514 0.5512654154700514 -0.09531379756369172 0.5256110817140794 0.2467055807542666 1.057412417063354 0.5573009916520314



# name: <cell-element>
# type: matrix
# rows: 1
# columns: 14
 -0.8106144302802677 1.628251232512738 1.270696007922846 0.1327794725091394 -0.4681178142642859 0.6821044241502918 -1.585711234936096 0.2180277341472949 -0.516241390337898 -0.01712471581304942 -1.099829457079298 1.634090977205166 -0.3896140339401573 -0.2235176429300915





