# Created by Octave 4.0.0, Thu Nov 12 03:00:33 2015 ART <mariavictoriamesaalcorta@Marias-MacBook-Pro.local>
# name: m
# type: scalar struct
# ndims: 2
 1 1
# length: 10
# name: iterError
# type: matrix
# rows: 1
# columns: 74
 0.4322231302504642 0.4307722895390678 0.4260610275800066 0.4259679157285065 0.4258789912100648 0.4257851999662715 0.425738331653815 0.4257382137755581 0.4256690854895721 0.4256219677143693 0.4255705917812506 0.4255559144852025 0.4255483505044328 0.425492875013076 0.4254246156042468 0.4253797009790991 0.4253337616811317 0.4252878141146835 0.4252004004773552 0.4251286882466246 0.4249377218422412 0.4248856974219635 0.4247882283913489 0.424531866959099 0.4245091771052018 0.4244829147586133 0.4243066077348934 0.4241494692825225 0.4235665272482818 0.4231086818969105 0.4225214911732316 0.4222794488412245 0.4221873155671697 0.4202327302283743 0.4195244692241924 0.4164053340637822 0.4125997587437494 0.4108829087170912 0.4049429724535022 0.3654460573789587 0.3277220506955409 0.2965840597900036 0.2386937630399885 0.2067480525802994 0.1825714828706322 0.1680337481610594 0.1531167843097855 0.1341312712923575 0.1239484772672327 0.1170737143824779 0.1133559187477741 0.1076595876521968 0.09736167023341273 0.09643852384358848 0.09420755985601878 0.09228176388592672 0.0841689298771318 0.08120559577359908 0.07842377370633884 0.07558654549069746 0.06839008643202138 0.06801711218025894 0.0641203204119286 0.0535860167047706 0.04699760999908933 0.04644543622917475 0.04400342028945749 0.03800709883873176 0.03271155124784719 0.03157642728115086 0.02899699260721635 0.02841032234887372 0.02738721447240173 0.02825477003392741


# name: epocsError
# type: matrix
# rows: 0
# columns: 0


# name: iter
# type: scalar
73


# name: epocs
# type: scalar
1000


# name: eta
# type: scalar
0.03205477223612325


# name: w
# type: cell
# rows: 1
# columns: 3
# name: <cell-element>
# type: matrix
# rows: 9
# columns: 3
 0.851870932913126 -0.8207177325223878 0.8245071969180024
 0.5549704725872758 -0.1070597936040341 -0.1838922008430836
 -1.276854410017589 -0.579147232786692 -1.017643014542512
 -0.6205469476928676 0.3974532770582012 -0.2207476106028814
 -1.820165276485238 2.281639157149679 1.772921136354934
 -0.5630793196547128 0.1371473390261269 -0.5127448095751828
 -0.4566758061415696 0.1398459148262598 -0.3602539638321731
 0.9774306368746392 -1.300227184780589 1.239862303833974
 1.806974862918225 -1.940459333577207 -0.2490198456646547



# name: <cell-element>
# type: matrix
# rows: 13
# columns: 10
 -0.1291331311412099 -0.116425320830308 0.6470852028285946 0.5558090015756224 1.202200896260936 0.5363218822689981 0.5691144049064365 0.08697214399653971 0.1371254086146129 -0.1206951531496556
 0.08047909446339337 0.3299198460101729 0.1472262515565727 0.07147080621932107 0.05065332156383356 0.1207758306282124 0.186666657133275 0.1694926011133309 0.2474327181267935 0.03068864194119184
 0.8840772036076672 0.1605108910333826 0.06735590291546806 -0.3960852866041038 -0.2544633507393308 -0.2421544492297355 -0.2184543402757901 1.1989491186327 1.648737600942525 0.7362970907768707
 0.04791071489593558 0.4162555621739258 0.4414096552732464 0.1277252897304591 0.3464309643730307 0.01188906913581861 0.03713045704575649 0.4605239615893544 0.3333600708627251 0.03727247361225013
 0.3325424118391548 -0.09431329056855602 0.9261007561462959 0.3649465925737801 1.841409244810377 0.3065629557165213 0.2903350727407394 0.9122804482577929 0.7535810671212702 -0.4638314240918374
 0.1009738389813156 0.239827929578605 0.1895211530220867 0.2872465311643791 0.5993180248667888 0.2586876934365116 0.1533045817712283 0.4666094597068868 0.5761470387834455 -0.1536714111299465
 0.3573500616731155 0.1593356570736484 0.1769937702257219 -0.1282527656047105 0.2162997605635084 0.4028813684872094 -0.1567398501871304 0.3847054496961658 0.3138512393286645 0.02698700247811556
 0.262878981932465 0.3244280651947882 0.3862574163320476 -0.3025984985393642 -0.3653476936307563 0.01012244234978285 0.1449349246756606 0.3397015693081087 1.153768167624002 -0.2785264934924349
 -0.7066299505469528 0.1300715057960123 0.635933173218901 0.7129993467509993 0.5870765614191163 0.7189108468550657 0.5471220153493018 -0.862548033015012 0.3860351445960953 -0.498332137673334
 0.4198554416017941 0.1043095854991881 0.6235163786162209 0.201742956436373 0.7477007619200812 0.2449424586910498 0.1080636256233563 0.3640432374583731 0.4096116131407066 -0.1898760763055891
 0.08371999921528733 -0.04412724174978878 -0.08154895374516016 0.1111989329210682 0.3234355743649079 0.4015387775442971 0.4713520542434152 -0.1154561570560109 -0.1654662068502122 0.09990197941767744
 0.2415913342068227 -0.008019180571398197 0.6726987589625851 0.1300245363424209 1.118679644274602 0.4135832925643926 0.4356838689875016 0.2917455183188408 0.9838504303088753 -0.5392769060855049
 0.4030788111410768 0.08508445775852035 0.2868822925038014 0.1853318207626199 0.5415093511301061 0.147184995816015 0.1127332298575611 0.1832928943200466 0.5215458105797657 -0.1330209485637093



# name: <cell-element>
# type: matrix
# rows: 1
# columns: 14
 -1.174170959451118 0.08573217966484149 -2.863977320752174 0.1041990909498012 1.154298755371741 0.02103834504445204 0.2187315410783592 0.9565692710829579 -1.557361774482716 0.1225172443536108 -0.413983546620183 0.6180091057580589 -0.009349248969488338 -0.1082610815208323





